110.97
105.832
101.11
97.0133
92.9167
88.8201
84.7234
82.0279
81.4342
80.8404
80.2467
79.6529
76.3503
68.9844
61.6185
54.2526
46.8867
40.7245
36.368
32.0114
27.6548
23.2982
20.5399
20.1788
19.8177
19.4567
19.0956
19.5739
21.3113
23.0486
24.786
26.5234
27.1471
26.1005
25.0538
24.0071
22.9604
20.9013
17.3236
13.7458
10.1681
6.5903
4.16397
3.46479
2.76561
2.06643
1.36725
0.897362
0.771409
0.645457
0.519505
0.393552
0.307045
0.279706
0.252366
0.225027
0.197688
0.177578
0.168312
0.159045
0.149779
0.140513
0.131256
0.122012
0.112768
0.103523
0.0942794
0.0851924
0.0763411
0.0674897
0.0586384
0.0497871
0.0423735
0.0371166
0.0318597
0.0266027
0.0213458
0.0175641
0.0159953
0.0144265
0.0128577
0.0112889
0.0102127
0.00987538
0.00953811
0.00920083
0.00886355
0.00861957
0.00851556
0.00841155
0.00830754
0.00820353
0.00815736
0.00819794
0.00823851
0.00827909
0.00831967
0.00835843
0.00839445
0.00843047
0.0084665
0.00850252
0.00848931
0.00840226
0.0083152
0.00822815
0.00814109
0.00803335
0.00789458
0.0077558
0.00761703
0.00747825
0.00737803
0.00733565
0.00729327
0.00725089
0.00720851
0.00723612
0.00736872
0.00750132
0.00763392
0.00776652
0.00789911
0.00803171
0.00816431
0.00834127
0.00852317
0.00870506
0.00888695
0.00906884
0.00925074
0.00943263
0.00961452
0.00979642
0.00997831
0.0097861
0.00955233
0.00931856
0.00908479
0.00885102
0.00861725
0.00838348
0.00814971
0.00791593
0.00768216
0.00744839
0.00721462
0.00698085
0.00674708
0.00651331
0.00627954
0.00604577
0.00581199
0.00557822
0.00534445
0.00524223
0.00515463
0.00506703
0.00497943
0.00489183
0.00480423
0.00471663
0.00462903
0.00454143
0.00445383
0.00436622
0.00427862
0.00419102
0.00410342
0.00401582
0.00392822
0.00384062
0.00375302
0.00366542
0.00357782
0.00349022
0.00340261
0.00331501
0.00322741
0.00313981
0.00305221
0.00296461
0.00287701
0.00278941
0.00270181
0.00261421
0.0025266
0.002439
0.0023514
0.0022638
0.0021762
0.0020886
0.002001
0.0019134
0.0018258
0.00181704
0.00181704
0.00181704
0.00181704
0.00181704
