3.3695
3.48083
3.55339
3.56776
3.58214
3.59651
3.61089
3.58047
3.48286
3.38525
3.28764
3.19002
3.04959
2.84491
2.64024
2.43557
2.23089
2.05877
1.93549
1.8122
1.68892
1.56563
1.4584
1.37525
1.2921
1.20895
1.12581
1.04543
0.96921
0.89299
0.816771
0.740552
0.668615
0.603103
0.537591
0.472079
0.406567
0.354523
0.322682
0.29084
0.258999
0.227158
0.199394
0.177745
0.156097
0.134448
0.112799
0.0978773
0.0930455
0.0882137
0.0833819
0.0785501
0.0751678
0.0739597
0.0727516
0.0715435
0.0703354
0.0698725
0.0705271
0.0711818
0.0718364
0.0724911
0.0801521
0.0983226
0.116493
0.134664
0.152834
0.177091
0.210478
0.243866
0.277253
0.31064
0.321351
0.29805
0.274748
0.251446
0.228144
0.205458
0.183694
0.161931
0.140168
0.118405
0.121716
0.162637
0.203559
0.244481
0.285403
0.389981
0.590042
0.790103
0.990165
1.19023
1.36469
1.50075
1.63682
1.77288
1.90895
1.92134
1.74824
1.57513
1.40202
1.22891
1.05219
0.870033
0.687877
0.505721
0.323565
0.198761
0.159984
0.121207
0.0824301
0.0436531
0.0195249
0.0173698
0.0152148
0.0130597
0.0109046
0.0091564
0.00801854
0.00688067
0.0057428
0.00460493
0.00346706
0.0023292
0.00119133
0.0010888
0.00110131
0.00111381
0.00112632
0.00113883
0.00115133
0.00116384
0.00117635
0.00118885
0.00120136
0.00116715
0.00112774
0.00108833
0.00104892
0.00100952
0.000970111
0.000930705
0.000891298
0.000851891
0.000812484
0.000773078
0.000733671
0.000694264
0.000654857
0.000615451
0.000576044
0.000536637
0.00049723
0.000457824
0.000418417
0.00040515
0.000394788
0.000384427
0.000374065
0.000363703
0.000353341
0.000342979
0.000332617
0.000322255
0.000311893
0.000301531
0.000291169
0.000280808
0.000270446
0.000260084
0.000249722
0.00023936
0.000228998
0.000218636
0.000208274
0.000197912
0.00018755
0.000177189
0.000166827
0.000156465
0.000146103
0.000135741
0.000125379
0.000115017
0.000104655
9.42933e-05
8.39314e-05
7.35695e-05
6.32076e-05
5.28457e-05
4.24838e-05
3.21219e-05
2.176e-05
1.13981e-05
1.03619e-06
0
0
0
0
0
