42.9586
81.3066
111.5
138.972
163.034
181.343
198.414
207.118
182.71
107.15
49.2051
37.0884
38.2883
40.6548
45.6802
47.3271
50.0563
52.2208
53.9241
56.5215
56.1545
59.3165
59.053
58.5825
60.0788
58.4225
58.4413
52.3337
41.7559
24.5623
8.14038
1.25164
0.159984
0.00941084
0
0
0
0
0
0
0
0
0
0
0
0
0
0
0
0
0
0
0
0
0
0
0
0
0
0
0
0
0
0
0
0
0
0
0
0
0
0
0
0
0
0
0
0
0
0
0
0
0
0
0
0
0
0
0
0
0
0
0
0
0
0
0
0
0
0
0
0
0
0
0
0
0
0
0
0
0
0
0
0
0
0
0
0
0
0
0
0
0
0
0
0
0
0
0
0
0
0
0
0
0
0
0
0
0
0
0
0
0
0
0
0
0
0
0
0
0
0
0
0
0
0
0
0
0
0
0
0
0
0
0
0
0
0
0
0
0
0
0
0
0
0
0
0
0
0
0
0
0
0
0
0
0
0
0
0
0
0
0
0
0
0
0
0
0
0
