16.8288
17.2032
17.4553
17.524
17.5928
17.6615
17.7302
17.7131
17.5672
17.4213
17.2754
17.1295
16.9499
16.7195
16.4892
16.2589
16.0285
15.8403
15.7151
15.59
15.4649
15.3398
15.3411
15.5322
15.7233
15.9144
16.1055
16.3597
16.7085
17.0573
17.4061
17.7549
18.0951
18.4224
18.7497
19.0771
19.4044
19.7204
20.0194
20.3184
20.6173
20.9163
21.2026
21.4698
21.7369
22.0041
22.2713
22.5247
22.7574
22.9901
23.2228
23.4555
23.6737
23.8701
24.0665
24.2629
24.4593
24.6408
24.7998
24.9589
25.118
25.277
25.4211
25.5426
25.6641
25.7856
25.9071
26.0139
26.0984
26.183
26.2675
26.3521
26.4224
26.4714
26.5204
26.5694
26.6184
26.6541
26.6698
26.6854
26.7011
26.7168
26.7203
26.7057
26.691
26.6764
26.6617
26.6365
26.5953
26.5541
26.5129
26.4717
26.419
26.3489
26.2788
26.2087
26.1386
26.0534
25.9456
25.8378
25.73
25.6222
25.4994
25.3541
25.2089
25.0636
24.9184
24.7588
24.5778
24.3968
24.2157
24.0347
23.8403
23.6256
23.411
23.1964
22.9818
22.751
22.4961
22.2411
21.9862
21.7312
21.4763
21.2213
20.9663
20.6735
20.3763
20.0792
19.7821
19.485
19.1879
18.8908
18.5937
18.2966
17.9995
17.6626
17.3213
16.98
16.6386
16.2973
15.956
15.6147
15.2734
14.932
14.5907
14.2494
13.9081
13.5668
13.2254
12.8841
12.5428
12.2015
11.8601
11.5188
11.1775
10.9243
10.6809
10.4375
10.194
9.95063
9.70721
9.46379
9.22038
8.97696
8.73354
8.49012
8.2467
8.00329
7.75987
7.51645
7.27303
7.02962
6.7862
6.54278
6.29936
6.05594
5.81253
5.56911
5.32569
5.08227
4.83886
4.59544
4.35202
4.1086
3.86519
3.62177
3.37835
3.13493
2.89151
2.6481
2.40468
2.16126
1.91784
1.67443
1.43101
1.40667
1.40667
1.40667
1.40667
1.40667
