1.7975	0
1.8025	0
1.8075	1.86934e-45
1.8125	4.01773e-45
1.8175	5.42238e-45
1.8225	6.57928e-45
1.8275	7.60331e-45
1.8325	8.54322e-45
1.8375	9.42497e-45
1.8425	1.02643e-44
1.8475	1.10715e-44
1.8525	1.18537e-44
1.8575	1.26162e-44
1.8625	1.3363e-44
1.8675	1.40971e-44
1.8725	1.48208e-44
1.8775	1.55362e-44
1.8825	1.62447e-44
1.8875	1.69478e-44
1.8925	1.76466e-44
1.8975	1.83419e-44
1.9025	1.90345e-44
1.9075	1.97252e-44
1.9125	2.04146e-44
1.9175	2.11032e-44
1.9225	2.17913e-44
1.9275	2.24796e-44
1.9325	2.31682e-44
1.9375	2.38576e-44
1.9425	2.4548e-44
1.9475	2.52396e-44
1.9525	2.59328e-44
1.9575	2.66276e-44
1.9625	2.73244e-44
1.9675	2.80233e-44
1.9725	2.87244e-44
1.9775	2.9428e-44
1.9825	3.0134e-44
1.9875	3.08427e-44
1.9925	3.15542e-44
1.9975	3.22685e-44
2.0025	3.29858e-44
2.0075	3.37062e-44
2.0125	3.44297e-44
2.0175	3.51564e-44
2.0225	3.58865e-44
2.0275	3.66198e-44
2.0325	3.73566e-44
2.0375	3.80969e-44
2.0425	3.88408e-44
2.0475	3.95882e-44
2.0525	4.03392e-44
2.0575	4.1094e-44
2.0625	4.18524e-44
2.0675	4.26147e-44
2.0725	4.33807e-44
2.0775	4.41506e-44
2.0825	4.49243e-44
2.0875	4.5702e-44
2.0925	4.64836e-44
2.0975	4.72692e-44
2.1025	4.80587e-44
2.1075	4.88523e-44
2.1125	4.96499e-44
2.1175	5.04516e-44
2.1225	5.12574e-44
2.1275	5.20673e-44
2.1325	5.28813e-44
2.1375	5.36995e-44
2.1425	5.45218e-44
2.1475	5.53483e-44
2.1525	5.6179e-44
2.1575	5.7014e-44
2.1625	5.78532e-44
2.1675	5.86966e-44
2.1725	5.95442e-44
2.1775	6.03962e-44
2.1825	6.12524e-44
2.1875	6.21129e-44
2.1925	6.29778e-44
2.1975	6.38469e-44
2.2025	6.47204e-44
2.2075	6.55982e-44
2.2125	6.64804e-44
2.2175	6.73669e-44
2.2225	6.82578e-44
2.2275	6.91531e-44
2.2325	7.00527e-44
2.2375	7.09568e-44
2.2425	7.18652e-44
2.2475	7.27781e-44
2.2525	7.36953e-44
2.2575	7.4617e-44
2.2625	7.55431e-44
2.2675	7.64736e-44
2.2725	7.74086e-44
2.2775	7.8348e-44
2.2825	7.92919e-44
2.2875	8.02402e-44
2.2925	8.1193e-44
2.2975	8.21502e-44
2.3025	8.31119e-44
2.3075	8.40781e-44
2.3125	8.50488e-44
2.3175	8.60239e-44
2.3225	8.70036e-44
2.3275	8.79877e-44
2.3325	8.89763e-44
2.3375	8.99694e-44
2.3425	9.0967e-44
2.3475	9.19691e-44
2.3525	9.29757e-44
2.3575	9.39869e-44
2.3625	9.50025e-44
2.3675	9.60227e-44
2.3725	9.70473e-44
2.3775	9.80765e-44
2.3825	9.91102e-44
2.3875	1.00148e-43
2.3925	1.01191e-43
2.3975	1.02239e-43
2.4025	1.0329e-43
2.4075	1.04347e-43
2.4125	1.05408e-43
2.4175	1.06473e-43
2.4225	1.07543e-43
2.4275	1.08618e-43
2.4325	1.09697e-43
2.4375	1.1078e-43
2.4425	1.11869e-43
2.4475	1.12961e-43
2.4525	1.14059e-43
2.4575	1.1516e-43
2.4625	1.16267e-43
2.4675	1.17378e-43
2.4725	1.18493e-43
2.4775	1.19613e-43
2.4825	1.20738e-43
2.4875	1.21867e-43
2.4925	1.23001e-43
2.4975	1.24139e-43
2.5025	1.25282e-43
2.5075	1.26429e-43
2.5125	1.27581e-43
2.5175	1.28738e-43
2.5225	1.29899e-43
2.5275	1.31065e-43
2.5325	1.32235e-43
2.5375	1.3341e-43
2.5425	1.34589e-43
2.5475	1.35773e-43
2.5525	1.36962e-43
2.5575	1.38155e-43
2.5625	1.39353e-43
2.5675	1.40555e-43
2.5725	1.41762e-43
2.5775	1.42973e-43
2.5825	1.44189e-43
2.5875	1.4541e-43
2.5925	1.46635e-43
2.5975	1.47865e-43
2.6025	1.49099e-43
2.6075	1.50338e-43
2.6125	1.51582e-43
2.6175	1.5283e-43
2.6225	1.54082e-43
2.6275	1.5534e-43
2.6325	1.56602e-43
2.6375	1.57868e-43
2.6425	1.59139e-43
2.6475	1.60414e-43
2.6525	1.61695e-43
2.6575	1.62979e-43
2.6625	1.64269e-43
2.6675	1.65563e-43
2.6725	1.66861e-43
2.6775	1.68164e-43
2.6825	1.69472e-43
2.6875	1.70784e-43
2.6925	1.72101e-43
2.6975	1.73422e-43
2.7025	1.74748e-43
2.7075	1.76079e-43
2.7125	1.77414e-43
2.7175	1.78754e-43
2.7225	1.80098e-43
2.7275	1.81447e-43
2.7325	1.828e-43
2.7375	1.84158e-43
2.7425	1.85521e-43
2.7475	1.86888e-43
2.7525	1.8826e-43
2.7575	1.89636e-43
2.7625	1.91017e-43
2.7675	1.92403e-43
2.7725	1.93793e-43
2.7775	1.95188e-43
2.7825	1.96587e-43
2.7875	1.97991e-43
2.7925	1.994e-43
2.7975	2.00813e-43
2.8025	2.0223e-43
2.8075	2.03653e-43
2.8125	2.05079e-43
2.8175	2.06511e-43
2.8225	2.07947e-43
2.8275	2.09387e-43
2.8325	2.10833e-43
2.8375	2.12282e-43
2.8425	2.13737e-43
2.8475	2.15196e-43
2.8525	2.16659e-43
2.8575	2.18127e-43
2.8625	2.196e-43
2.8675	2.21077e-43
2.8725	2.22559e-43
2.8775	2.24045e-43
2.8825	2.25536e-43
2.8875	2.27032e-43
2.8925	2.28532e-43
2.8975	2.30037e-43
2.9025	2.31546e-43
2.9075	2.3306e-43
2.9125	2.34578e-43
2.9175	2.36101e-43
2.9225	2.37629e-43
2.9275	2.39161e-43
2.9325	2.40698e-43
2.9375	2.42239e-43
2.9425	2.43785e-43
2.9475	2.45336e-43
2.9525	2.46891e-43
2.9575	2.4845e-43
2.9625	2.50015e-43
2.9675	2.51583e-43
2.9725	2.53157e-43
2.9775	2.54735e-43
2.9825	2.56317e-43
2.9875	2.57904e-43
2.9925	2.59496e-43
2.9975	2.61092e-43
3.0025	2.62693e-43
3.0075	2.64299e-43
3.0125	2.65909e-43
3.0175	2.67523e-43
3.0225	2.69142e-43
3.0275	2.70766e-43
3.0325	2.72394e-43
3.0375	2.74027e-43
3.0425	2.75665e-43
3.0475	2.77306e-43
3.0525	2.78953e-43
3.0575	2.80604e-43
3.0625	2.8226e-43
3.0675	2.8392e-43
3.0725	2.85585e-43
3.0775	2.87254e-43
3.0825	2.88928e-43
3.0875	2.90607e-43
3.0925	2.9229e-43
3.0975	2.93978e-43
3.1025	2.9567e-43
3.1075	2.97367e-43
3.1125	2.99068e-43
3.1175	3.00774e-43
3.1225	3.02485e-43
3.1275	3.042e-43
3.1325	3.05919e-43
3.1375	3.07643e-43
3.1425	3.09372e-43
3.1475	3.11106e-43
3.1525	3.12843e-43
3.1575	3.14586e-43
3.1625	3.16333e-43
3.1675	3.18084e-43
3.1725	3.19841e-43
3.1775	3.21601e-43
3.1825	3.23366e-43
3.1875	3.25136e-43
3.1925	3.26911e-43
3.1975	3.2869e-43
3.2025	3.30473e-43
3.2075	3.32261e-43
3.2125	3.34054e-43
3.2175	3.35851e-43
3.2225	3.37653e-43
3.2275	3.39459e-43
3.2325	3.4127e-43
3.2375	3.43085e-43
3.2425	3.44905e-43
3.2475	3.4673e-43
3.2525	3.48559e-43
3.2575	3.50392e-43
3.2625	3.5223e-43
3.2675	3.54073e-43
3.2725	3.5592e-43
3.2775	3.57772e-43
3.2825	3.59628e-43
3.2875	3.61489e-43
3.2925	3.63355e-43
3.2975	3.65225e-43
3.3025	3.67099e-43
3.3075	3.68979e-43
3.3125	3.70862e-43
3.3175	3.7275e-43
3.3225	3.74643e-43
3.3275	3.7654e-43
3.3325	3.78442e-43
3.3375	3.80349e-43
3.3425	3.8226e-43
3.3475	3.84175e-43
3.3525	3.86095e-43
3.3575	3.8802e-43
3.3625	3.89949e-43
3.3675	3.91883e-43
3.3725	3.93821e-43
3.3775	3.95763e-43
3.3825	3.97711e-43
3.3875	3.99663e-43
3.3925	4.01619e-43
3.3975	4.0358e-43
3.4025	4.05545e-43
3.4075	4.07515e-43
3.4125	4.0949e-43
3.4175	4.11469e-43
3.4225	4.13453e-43
3.4275	4.15441e-43
3.4325	4.17433e-43
3.4375	4.19431e-43
3.4425	4.21432e-43
3.4475	4.23439e-43
3.4525	4.25449e-43
3.4575	4.27465e-43
3.4625	4.29485e-43
3.4675	4.31509e-43
3.4725	4.33538e-43
3.4775	4.35572e-43
3.4825	4.3761e-43
3.4875	4.39652e-43
3.4925	4.41699e-43
3.4975	4.43751e-43
3.5025	4.45807e-43
3.5075	4.47868e-43
3.5125	4.49933e-43
3.5175	4.52003e-43
3.5225	4.54077e-43
3.5275	4.56156e-43
3.5325	4.58239e-43
3.5375	4.60327e-43
3.5425	4.62419e-43
3.5475	4.64516e-43
3.5525	4.66618e-43
3.5575	4.68724e-43
3.5625	4.70834e-43
3.5675	4.72949e-43
3.5725	4.75068e-43
3.5775	4.77193e-43
3.5825	4.79321e-43
3.5875	4.81454e-43
3.5925	4.83592e-43
3.5975	4.85734e-43
3.6025	4.87881e-43
3.6075	4.90032e-43
3.6125	4.92187e-43
3.6175	4.94348e-43
3.6225	4.96512e-43
3.6275	4.98682e-43
3.6325	5.00855e-43
3.6375	5.03034e-43
3.6425	5.05216e-43
3.6475	5.07404e-43
3.6525	5.09596e-43
3.6575	5.11792e-43
3.6625	5.13993e-43
3.6675	5.16198e-43
3.6725	5.18408e-43
3.6775	5.20622e-43
3.6825	5.22841e-43
3.6875	5.25065e-43
3.6925	5.27293e-43
3.6975	5.29525e-43
3.7025	5.31762e-43
3.7075	5.34003e-43
3.7125	5.36249e-43
3.7175	5.385e-43
3.7225	5.40755e-43
3.7275	5.43014e-43
3.7325	5.45278e-43
3.7375	5.47547e-43
3.7425	5.4982e-43
3.7475	5.52097e-43
3.7525	5.54379e-43
3.7575	5.56666e-43
3.7625	5.58957e-43
3.7675	5.61252e-43
3.7725	5.63552e-43
3.7775	5.65857e-43
3.7825	5.68166e-43
3.7875	5.70479e-43
3.7925	5.72797e-43
3.7975	5.7512e-43
3.8025	5.77447e-43
3.8075	5.79779e-43
3.8125	5.82115e-43
3.8175	5.84455e-43
3.8225	5.868e-43
3.8275	5.8915e-43
3.8325	5.91504e-43
3.8375	5.93862e-43
3.8425	5.96225e-43
3.8475	5.98593e-43
3.8525	6.00965e-43
3.8575	6.03341e-43
3.8625	6.05722e-43
3.8675	6.08108e-43
3.8725	6.10498e-43
3.8775	6.12892e-43
3.8825	6.15291e-43
3.8875	6.17694e-43
3.8925	6.20102e-43
3.8975	6.22515e-43
3.9025	6.24932e-43
3.9075	6.27353e-43
3.9125	6.29779e-43
3.9175	6.32209e-43
3.9225	6.34644e-43
3.9275	6.37083e-43
3.9325	6.39527e-43
3.9375	6.41976e-43
3.9425	6.44428e-43
3.9475	6.46886e-43
3.9525	6.49347e-43
3.9575	6.51814e-43
3.9625	6.54284e-43
3.9675	6.5676e-43
3.9725	6.59239e-43
3.9775	6.61724e-43
3.9825	6.64212e-43
3.9875	6.66705e-43
3.9925	6.69203e-43
3.9975	6.71705e-43
4.0025	6.74212e-43
4.0075	6.76723e-43
4.0125	6.79238e-43
4.0175	6.81758e-43
4.0225	6.84283e-43
4.0275	6.86812e-43
4.0325	6.89345e-43
4.0375	6.91883e-43
4.0425	6.94425e-43
4.0475	6.96972e-43
4.0525	6.99524e-43
4.0575	7.02079e-43
4.0625	7.0464e-43
4.0675	7.07204e-43
4.0725	7.09774e-43
4.0775	7.12347e-43
4.0825	7.14925e-43
4.0875	7.17508e-43
4.0925	7.20095e-43
4.0975	7.22687e-43
4.1025	7.25283e-43
4.1075	7.27883e-43
4.1125	7.30488e-43
4.1175	7.33098e-43
4.1225	7.35711e-43
4.1275	7.3833e-43
4.1325	7.40953e-43
4.1375	7.4358e-43
4.1425	7.46212e-43
4.1475	7.48848e-43
4.1525	7.51488e-43
4.1575	7.54134e-43
4.1625	7.56783e-43
4.1675	7.59437e-43
4.1725	7.62096e-43
4.1775	7.64759e-43
4.1825	7.67426e-43
4.1875	7.70098e-43
4.1925	7.72774e-43
4.1975	7.75455e-43
4.2025	7.78141e-43
4.2075	7.8083e-43
4.2125	7.83524e-43
4.2175	7.86223e-43
4.2225	7.88926e-43
4.2275	7.91634e-43
4.2325	7.94346e-43
4.2375	7.97062e-43
4.2425	7.99783e-43
4.2475	8.02508e-43
4.2525	8.05238e-43
4.2575	8.07972e-43
4.2625	8.10711e-43
4.2675	8.13454e-43
4.2725	8.16202e-43
4.2775	8.18954e-43
4.2825	8.2171e-43
4.2875	8.24471e-43
4.2925	8.27237e-43
4.2975	8.30007e-43
4.3025	8.32781e-43
4.3075	8.3556e-43
4.3125	8.38343e-43
4.3175	8.4113e-43
4.3225	8.43922e-43
4.3275	8.46719e-43
4.3325	8.4952e-43
4.3375	8.52325e-43
4.3425	8.55135e-43
4.3475	8.57949e-43
4.3525	8.60768e-43
4.3575	8.63591e-43
4.3625	8.66419e-43
4.3675	8.69251e-43
4.3725	8.72087e-43
4.3775	8.74928e-43
4.3825	8.77774e-43
4.3875	8.80623e-43
4.3925	8.83478e-43
4.3975	8.86336e-43
4.4025	8.89199e-43
4.4075	8.92067e-43
4.4125	8.94939e-43
4.4175	8.97815e-43
4.4225	9.00696e-43
4.4275	9.03581e-43
4.4325	9.06471e-43
4.4375	9.09365e-43
4.4425	9.12264e-43
4.4475	9.15167e-43
4.4525	9.18074e-43
4.4575	9.20986e-43
4.4625	9.23902e-43
4.4675	9.26823e-43
4.4725	9.29748e-43
4.4775	9.32678e-43
4.4825	9.35612e-43
4.4875	9.3855e-43
4.4925	9.41493e-43
4.4975	9.4444e-43
4.5025	9.47392e-43
4.5075	9.50348e-43
4.5125	9.53309e-43
4.5175	9.56273e-43
4.5225	9.59243e-43
4.5275	9.62217e-43
4.5325	9.65195e-43
4.5375	9.68177e-43
4.5425	9.71165e-43
4.5475	9.74156e-43
4.5525	9.77152e-43
4.5575	9.80152e-43
4.5625	9.83157e-43
4.5675	9.86166e-43
4.5725	9.8918e-43
4.5775	9.92198e-43
4.5825	9.9522e-43
4.5875	9.98247e-43
4.5925	1.00128e-42
4.5975	1.00431e-42
4.6025	1.00735e-42
4.6075	1.0104e-42
4.6125	1.01345e-42
4.6175	1.0165e-42
4.6225	1.01956e-42
4.6275	1.02262e-42
4.6325	1.02569e-42
4.6375	1.02876e-42
4.6425	1.03183e-42
4.6475	1.03491e-42
4.6525	1.038e-42
4.6575	1.04109e-42
4.6625	1.04418e-42
4.6675	1.04728e-42
4.6725	1.05038e-42
4.6775	1.05348e-42
4.6825	1.05659e-42
4.6875	1.05971e-42
4.6925	1.06283e-42
4.6975	1.06595e-42
4.7025	1.06908e-42
4.7075	1.07221e-42
4.7125	1.07535e-42
4.7175	1.07849e-42
4.7225	1.08164e-42
4.7275	1.08479e-42
4.7325	1.08794e-42
4.7375	1.0911e-42
4.7425	1.09427e-42
4.7475	1.09743e-42
4.7525	1.10061e-42
4.7575	1.10378e-42
4.7625	1.10696e-42
4.7675	1.11015e-42
4.7725	1.11334e-42
4.7775	1.11653e-42
4.7825	1.11973e-42
4.7875	1.12293e-42
4.7925	1.12614e-42
4.7975	1.12935e-42
4.8025	1.13257e-42
4.8075	1.13579e-42
4.8125	1.13901e-42
4.8175	1.14224e-42
4.8225	1.14548e-42
4.8275	1.14872e-42
4.8325	1.15196e-42
4.8375	1.1552e-42
4.8425	1.15846e-42
4.8475	1.16171e-42
4.8525	1.16497e-42
4.8575	1.16824e-42
4.8625	1.1715e-42
4.8675	1.17478e-42
4.8725	1.17806e-42
4.8775	1.18134e-42
4.8825	1.18462e-42
4.8875	1.18791e-42
4.8925	1.19121e-42
4.8975	1.19451e-42
4.9025	1.19781e-42
4.9075	1.20112e-42
4.9125	1.20443e-42
4.9175	1.20775e-42
4.9225	1.21107e-42
4.9275	1.2144e-42
4.9325	1.21773e-42
4.9375	1.22106e-42
4.9425	1.2244e-42
4.9475	1.22774e-42
4.9525	1.23109e-42
4.9575	1.23444e-42
4.9625	1.2378e-42
4.9675	1.24116e-42
4.9725	1.24453e-42
4.9775	1.2479e-42
4.9825	1.25127e-42
4.9875	1.25465e-42
4.9925	1.25803e-42
4.9975	1.26142e-42
5.0025	1.26481e-42
5.0075	1.26821e-42
5.0125	1.27161e-42
5.0175	1.27501e-42
5.0225	1.27842e-42
5.0275	1.28183e-42
5.0325	1.28525e-42
5.0375	1.28867e-42
5.0425	1.2921e-42
5.0475	1.29553e-42
5.0525	1.29896e-42
5.0575	1.3024e-42
5.0625	1.30585e-42
5.0675	1.30929e-42
5.0725	1.31275e-42
5.0775	1.3162e-42
5.0825	1.31967e-42
5.0875	1.32313e-42
5.0925	1.3266e-42
5.0975	1.33007e-42
5.1025	1.33355e-42
5.1075	1.33704e-42
5.1125	1.34052e-42
5.1175	1.34402e-42
5.1225	1.34751e-42
5.1275	1.35101e-42
5.1325	1.35452e-42
5.1375	1.35803e-42
5.1425	1.36154e-42
5.1475	1.36506e-42
5.1525	1.36858e-42
5.1575	1.37211e-42
5.1625	1.37564e-42
5.1675	1.37917e-42
5.1725	1.38271e-42
5.1775	1.38626e-42
5.1825	1.3898e-42
5.1875	1.39336e-42
5.1925	1.39691e-42
5.1975	1.40048e-42
5.2025	1.40404e-42
5.2075	1.40761e-42
5.2125	1.41119e-42
5.2175	1.41476e-42
5.2225	1.41835e-42
5.2275	1.42193e-42
5.2325	1.42553e-42
5.2375	1.42912e-42
5.2425	1.43272e-42
5.2475	1.43633e-42
5.2525	1.43994e-42
5.2575	1.44355e-42
5.2625	1.44717e-42
5.2675	1.45079e-42
5.2725	1.45442e-42
5.2775	1.45805e-42
5.2825	1.46168e-42
5.2875	1.46532e-42
5.2925	1.46897e-42
5.2975	1.47261e-42
5.3025	1.47627e-42
5.3075	1.47992e-42
5.3125	1.48359e-42
5.3175	1.48725e-42
5.3225	1.49092e-42
5.3275	1.49459e-42
5.3325	1.49827e-42
5.3375	1.50196e-42
5.3425	1.50564e-42
5.3475	1.50934e-42
5.3525	1.51303e-42
5.3575	1.51673e-42
5.3625	1.52044e-42
5.3675	1.52414e-42
5.3725	1.52786e-42
5.3775	1.53158e-42
5.3825	1.5353e-42
5.3875	1.53902e-42
5.3925	1.54275e-42
5.3975	1.54649e-42
5.4025	1.55023e-42
5.4075	1.55397e-42
5.4125	1.55772e-42
5.4175	1.56147e-42
5.4225	1.56523e-42
5.4275	1.56899e-42
5.4325	1.57275e-42
5.4375	1.57652e-42
5.4425	1.5803e-42
5.4475	1.58408e-42
5.4525	1.58786e-42
5.4575	1.59164e-42
5.4625	1.59544e-42
5.4675	1.59923e-42
5.4725	1.60303e-42
5.4775	1.60683e-42
5.4825	1.61064e-42
5.4875	1.61446e-42
5.4925	1.61827e-42
5.4975	1.62209e-42
5.5025	1.62592e-42
5.5075	1.62975e-42
5.5125	1.63358e-42
5.5175	1.63742e-42
5.5225	1.64126e-42
5.5275	1.64511e-42
5.5325	1.64896e-42
5.5375	1.65282e-42
5.5425	1.65668e-42
5.5475	1.66054e-42
5.5525	1.66441e-42
5.5575	1.66828e-42
5.5625	1.67216e-42
5.5675	1.67604e-42
5.5725	1.67993e-42
5.5775	1.68382e-42
5.5825	1.68771e-42
5.5875	1.69161e-42
5.5925	1.69552e-42
5.5975	1.69942e-42
5.6025	1.70334e-42
5.6075	1.70725e-42
5.6125	1.71117e-42
5.6175	1.7151e-42
5.6225	1.71903e-42
5.6275	1.72296e-42
5.6325	1.7269e-42
5.6375	1.73084e-42
5.6425	1.73478e-42
5.6475	1.73873e-42
5.6525	1.74269e-42
5.6575	1.74665e-42
5.6625	1.75061e-42
5.6675	1.75458e-42
5.6725	1.75855e-42
5.6775	1.76253e-42
5.6825	1.76651e-42
5.6875	1.77049e-42
5.6925	1.77448e-42
5.6975	1.77848e-42
5.7025	1.78247e-42
5.7075	1.78648e-42
5.7125	1.79048e-42
5.7175	1.79449e-42
5.7225	1.79851e-42
5.7275	1.80253e-42
5.7325	1.80655e-42
5.7375	1.81058e-42
5.7425	1.81461e-42
5.7475	1.81865e-42
5.7525	1.82269e-42
5.7575	1.82673e-42
5.7625	1.83078e-42
5.7675	1.83483e-42
5.7725	1.83889e-42
5.7775	1.84295e-42
5.7825	1.84702e-42
5.7875	1.85109e-42
5.7925	1.85517e-42
5.7975	1.85925e-42
5.8025	1.86333e-42
5.8075	1.86742e-42
5.8125	1.87151e-42
5.8175	1.8756e-42
5.8225	1.87971e-42
5.8275	1.88381e-42
5.8325	1.88792e-42
5.8375	1.89203e-42
5.8425	1.89615e-42
5.8475	1.90027e-42
5.8525	1.9044e-42
5.8575	1.90853e-42
5.8625	1.91266e-42
5.8675	1.9168e-42
5.8725	1.92095e-42
5.8775	1.92509e-42
5.8825	1.92925e-42
5.8875	1.9334e-42
5.8925	1.93756e-42
5.8975	1.94173e-42
5.9025	1.9459e-42
5.9075	1.95007e-42
5.9125	1.95425e-42
5.9175	1.95843e-42
5.9225	1.96261e-42
5.9275	1.96681e-42
5.9325	1.971e-42
5.9375	1.9752e-42
5.9425	1.9794e-42
5.9475	1.98361e-42
5.9525	1.98782e-42
5.9575	1.99204e-42
5.9625	1.99626e-42
5.9675	2.00048e-42
5.9725	2.00471e-42
5.9775	2.00894e-42
5.9825	2.01318e-42
5.9875	2.01742e-42
5.9925	2.02167e-42
5.9975	2.02592e-42
6.0025	2.03017e-42
6.0075	2.03443e-42
6.0125	2.03869e-42
6.0175	2.04296e-42
6.0225	2.04723e-42
6.0275	2.05151e-42
6.0325	2.05579e-42
6.0375	2.06007e-42
6.0425	2.06436e-42
6.0475	2.06865e-42
6.0525	2.07295e-42
6.0575	2.07725e-42
6.0625	2.08156e-42
6.0675	2.08586e-42
6.0725	2.09018e-42
6.0775	2.0945e-42
6.0825	2.09882e-42
6.0875	2.10315e-42
6.0925	2.10748e-42
6.0975	2.11181e-42
6.1025	2.11615e-42
6.1075	2.12049e-42
6.1125	2.12484e-42
6.1175	2.12919e-42
6.1225	2.13355e-42
6.1275	2.13791e-42
6.1325	2.14228e-42
6.1375	2.14665e-42
6.1425	2.15102e-42
6.1475	2.1554e-42
6.1525	2.15978e-42
6.1575	2.16416e-42
6.1625	2.16855e-42
6.1675	2.17295e-42
6.1725	2.17735e-42
6.1775	2.18175e-42
6.1825	2.18616e-42
6.1875	2.19057e-42
6.1925	2.19499e-42
6.1975	2.19941e-42
6.2025	2.20383e-42
6.2075	2.20826e-42
6.2125	2.21269e-42
6.2175	2.21713e-42
6.2225	2.22157e-42
6.2275	2.22601e-42
6.2325	2.23046e-42
6.2375	2.23492e-42
6.2425	2.23938e-42
6.2475	2.24384e-42
6.2525	2.24831e-42
6.2575	2.25278e-42
6.2625	2.25725e-42
6.2675	2.26173e-42
6.2725	2.26621e-42
6.2775	2.2707e-42
6.2825	2.27519e-42
6.2875	2.27969e-42
6.2925	2.28419e-42
6.2975	2.2887e-42
6.3025	2.2932e-42
6.3075	2.29772e-42
6.3125	2.30223e-42
6.3175	2.30676e-42
6.3225	2.31128e-42
6.3275	2.31581e-42
6.3325	2.32035e-42
6.3375	2.32488e-42
6.3425	2.32943e-42
6.3475	2.33397e-42
6.3525	2.33853e-42
6.3575	2.34308e-42
6.3625	2.34764e-42
6.3675	2.3522e-42
6.3725	2.35677e-42
6.3775	2.36134e-42
6.3825	2.36592e-42
6.3875	2.3705e-42
6.3925	2.37509e-42
6.3975	2.37968e-42
6.4025	2.38427e-42
6.4075	2.38887e-42
6.4125	2.39347e-42
6.4175	2.39807e-42
6.4225	2.40268e-42
6.4275	2.4073e-42
6.4325	2.41192e-42
6.4375	2.41654e-42
6.4425	2.42117e-42
6.4475	2.4258e-42
6.4525	2.43043e-42
6.4575	2.43507e-42
6.4625	2.43972e-42
6.4675	2.44436e-42
6.4725	2.44902e-42
6.4775	2.45367e-42
6.4825	2.45833e-42
6.4875	2.463e-42
6.4925	2.46767e-42
6.4975	2.47234e-42
6.5025	2.47702e-42
6.5075	2.4817e-42
6.5125	2.48639e-42
6.5175	2.49108e-42
6.5225	2.49577e-42
6.5275	2.50047e-42
6.5325	2.50517e-42
6.5375	2.50988e-42
6.5425	2.51459e-42
6.5475	2.51931e-42
6.5525	2.52403e-42
6.5575	2.52875e-42
6.5625	2.53348e-42
6.5675	2.53821e-42
6.5725	2.54295e-42
6.5775	2.54769e-42
6.5825	2.55243e-42
6.5875	2.55718e-42
6.5925	2.56193e-42
6.5975	2.56669e-42
6.6025	2.57145e-42
6.6075	2.57622e-42
6.6125	2.58099e-42
6.6175	2.58576e-42
6.6225	2.59054e-42
6.6275	2.59532e-42
6.6325	2.60011e-42
6.6375	2.6049e-42
6.6425	2.60969e-42
6.6475	2.61449e-42
6.6525	2.6193e-42
6.6575	2.6241e-42
6.6625	2.62892e-42
6.6675	2.63373e-42
6.6725	2.63855e-42
6.6775	2.64338e-42
6.6825	2.64821e-42
6.6875	2.65304e-42
6.6925	2.65787e-42
6.6975	2.66272e-42
6.7025	2.66756e-42
6.7075	2.67241e-42
6.7125	2.67726e-42
6.7175	2.68212e-42
6.7225	2.68698e-42
6.7275	2.69185e-42
6.7325	2.69672e-42
6.7375	2.70159e-42
6.7425	2.70647e-42
6.7475	2.71136e-42
6.7525	2.71624e-42
6.7575	2.72113e-42
6.7625	2.72603e-42
6.7675	2.73093e-42
6.7725	2.73583e-42
6.7775	2.74074e-42
6.7825	2.74565e-42
6.7875	2.75057e-42
6.7925	2.75549e-42
6.7975	2.76041e-42
6.8025	2.76534e-42
6.8075	2.77028e-42
6.8125	2.77521e-42
6.8175	2.78016e-42
6.8225	2.7851e-42
6.8275	2.79005e-42
6.8325	2.795e-42
6.8375	2.79996e-42
6.8425	2.80492e-42
6.8475	2.80989e-42
6.8525	2.81486e-42
6.8575	2.81984e-42
6.8625	2.82481e-42
6.8675	2.8298e-42
6.8725	2.83478e-42
6.8775	2.83978e-42
6.8825	2.84477e-42
6.8875	2.84977e-42
6.8925	2.85477e-42
6.8975	2.85978e-42
6.9025	2.86479e-42
6.9075	2.86981e-42
6.9125	2.87483e-42
6.9175	2.87986e-42
6.9225	2.88489e-42
6.9275	2.88992e-42
6.9325	2.89496e-42
6.9375	2.9e-42
6.9425	2.90504e-42
6.9475	2.91009e-42
6.9525	2.91514e-42
6.9575	2.9202e-42
6.9625	2.92526e-42
6.9675	2.93033e-42
6.9725	2.9354e-42
6.9775	2.94048e-42
6.9825	2.94555e-42
6.9875	2.95064e-42
6.9925	2.95572e-42
6.9975	2.96082e-42
7.0025	2.96591e-42
7.0075	2.97101e-42
7.0125	2.97611e-42
7.0175	2.98122e-42
7.0225	2.98633e-42
7.0275	2.99145e-42
7.0325	2.99657e-42
7.0375	3.00169e-42
7.0425	3.00682e-42
7.0475	3.01195e-42
7.0525	3.01709e-42
7.0575	3.02223e-42
7.0625	3.02738e-42
7.0675	3.03253e-42
7.0725	3.03768e-42
7.0775	3.04284e-42
7.0825	3.048e-42
7.0875	3.05316e-42
7.0925	3.05833e-42
7.0975	3.06351e-42
7.1025	3.06869e-42
7.1075	3.07387e-42
7.1125	3.07905e-42
7.1175	3.08424e-42
7.1225	3.08944e-42
7.1275	3.09464e-42
7.1325	3.09984e-42
7.1375	3.10505e-42
7.1425	3.11026e-42
7.1475	3.11547e-42
7.1525	3.12069e-42
7.1575	3.12592e-42
7.1625	3.13115e-42
7.1675	3.13638e-42
7.1725	3.14161e-42
7.1775	3.14685e-42
7.1825	3.1521e-42
7.1875	3.15735e-42
7.1925	3.1626e-42
7.1975	3.16786e-42
7.2025	3.17312e-42
7.2075	3.17838e-42
7.2125	3.18365e-42
7.2175	3.18892e-42
7.2225	3.1942e-42
7.2275	3.19948e-42
7.2325	3.20477e-42
7.2375	3.21006e-42
7.2425	3.21535e-42
7.2475	3.22065e-42
7.2525	3.22595e-42
7.2575	3.23126e-42
7.2625	3.23657e-42
7.2675	3.24188e-42
7.2725	3.2472e-42
7.2775	3.25252e-42
7.2825	3.25785e-42
7.2875	3.26318e-42
7.2925	3.26852e-42
7.2975	3.27385e-42
7.3025	3.2792e-42
7.3075	3.28455e-42
7.3125	3.2899e-42
7.3175	3.29525e-42
7.3225	3.30061e-42
7.3275	3.30598e-42
7.3325	3.31134e-42
7.3375	3.31672e-42
7.3425	3.32209e-42
7.3475	3.32747e-42
7.3525	3.33286e-42
7.3575	3.33824e-42
7.3625	3.34364e-42
7.3675	3.34903e-42
7.3725	3.35444e-42
7.3775	3.35984e-42
7.3825	3.36525e-42
7.3875	3.37066e-42
7.3925	3.37608e-42
7.3975	3.3815e-42
7.4025	3.38693e-42
7.4075	3.39236e-42
7.4125	3.39779e-42
7.4175	3.40323e-42
7.4225	3.40867e-42
7.4275	3.41411e-42
7.4325	3.41957e-42
7.4375	3.42502e-42
7.4425	3.43048e-42
7.4475	3.43594e-42
7.4525	3.44141e-42
7.4575	3.44688e-42
7.4625	3.45235e-42
7.4675	3.45783e-42
7.4725	3.46331e-42
7.4775	3.4688e-42
7.4825	3.47429e-42
7.4875	3.47979e-42
7.4925	3.48529e-42
7.4975	3.49079e-42
7.5025	3.4963e-42
7.5075	3.50181e-42
7.5125	3.50732e-42
7.5175	3.51284e-42
7.5225	3.51837e-42
7.5275	3.5239e-42
7.5325	3.52943e-42
7.5375	3.53496e-42
7.5425	3.5405e-42
7.5475	3.54605e-42
7.5525	3.5516e-42
7.5575	3.55715e-42
7.5625	3.56271e-42
7.5675	3.56827e-42
7.5725	3.57383e-42
7.5775	3.5794e-42
7.5825	3.58497e-42
7.5875	3.59055e-42
7.5925	3.59613e-42
7.5975	3.60172e-42
7.6025	3.6073e-42
7.6075	3.6129e-42
7.6125	3.6185e-42
7.6175	3.6241e-42
7.6225	3.6297e-42
7.6275	3.63531e-42
7.6325	3.64093e-42
7.6375	3.64654e-42
7.6425	3.65217e-42
7.6475	3.65779e-42
7.6525	3.66342e-42
7.6575	3.66906e-42
7.6625	3.67469e-42
7.6675	3.68034e-42
7.6725	3.68598e-42
7.6775	3.69163e-42
7.6825	3.69729e-42
7.6875	3.70295e-42
7.6925	3.70861e-42
7.6975	3.71428e-42
7.7025	3.71995e-42
7.7075	3.72562e-42
7.7125	3.7313e-42
7.7175	3.73698e-42
7.7225	3.74267e-42
7.7275	3.74836e-42
7.7325	3.75406e-42
7.7375	3.75976e-42
7.7425	3.76546e-42
7.7475	3.77117e-42
7.7525	3.77688e-42
7.7575	3.78259e-42
7.7625	3.78831e-42
7.7675	3.79404e-42
7.7725	3.79976e-42
7.7775	3.8055e-42
7.7825	3.81123e-42
7.7875	3.81697e-42
7.7925	3.82272e-42
7.7975	3.82846e-42
7.8025	3.83422e-42
7.8075	3.83997e-42
7.8125	3.84573e-42
7.8175	3.8515e-42
7.8225	3.85727e-42
7.8275	3.86304e-42
7.8325	3.86882e-42
7.8375	3.8746e-42
7.8425	3.88038e-42
7.8475	3.88617e-42
7.8525	3.89196e-42
7.8575	3.89776e-42
7.8625	3.90356e-42
7.8675	3.90936e-42
7.8725	3.91517e-42
7.8775	3.92099e-42
7.8825	3.9268e-42
7.8875	3.93262e-42
7.8925	3.93845e-42
7.8975	3.94428e-42
7.9025	3.95011e-42
7.9075	3.95595e-42
7.9125	3.96179e-42
7.9175	3.96764e-42
7.9225	3.97349e-42
7.9275	3.97934e-42
7.9325	3.9852e-42
7.9375	3.99106e-42
7.9425	3.99692e-42
7.9475	4.00279e-42
7.9525	4.00867e-42
7.9575	4.01455e-42
7.9625	4.02043e-42
7.9675	4.02631e-42
7.9725	4.0322e-42
7.9775	4.0381e-42
7.9825	4.04399e-42
7.9875	4.0499e-42
7.9925	4.0558e-42
7.9975	4.06171e-42
8.0025	4.06763e-42
8.0075	4.07355e-42
8.0125	4.07947e-42
8.0175	4.08539e-42
8.0225	4.09132e-42
8.0275	4.09726e-42
8.0325	4.1032e-42
8.0375	4.10914e-42
8.0425	4.11509e-42
8.0475	4.12104e-42
8.0525	4.12699e-42
8.0575	4.13295e-42
8.0625	4.13891e-42
8.0675	4.14488e-42
8.0725	4.15085e-42
8.0775	4.15682e-42
8.0825	4.1628e-42
8.0875	4.16879e-42
8.0925	4.17477e-42
8.0975	4.18076e-42
8.1025	4.18676e-42
8.1075	4.19276e-42
8.1125	4.19876e-42
8.1175	4.20477e-42
8.1225	4.21078e-42
8.1275	4.21679e-42
8.1325	4.22281e-42
8.1375	4.22884e-42
8.1425	4.23486e-42
8.1475	4.24089e-42
8.1525	4.24693e-42
8.1575	4.25297e-42
8.1625	4.25901e-42
8.1675	4.26506e-42
8.1725	4.27111e-42
8.1775	4.27716e-42
8.1825	4.28322e-42
8.1875	4.28929e-42
8.1925	4.29535e-42
8.1975	4.30143e-42
8.2025	4.3075e-42
8.2075	4.31358e-42
8.2125	4.31966e-42
8.2175	4.32575e-42
8.2225	4.33184e-42
8.2275	4.33794e-42
8.2325	4.34404e-42
8.2375	4.35014e-42
8.2425	4.35625e-42
8.2475	4.36236e-42
8.2525	4.36848e-42
8.2575	4.37459e-42
8.2625	4.38072e-42
8.2675	4.38685e-42
8.2725	4.39298e-42
8.2775	4.39911e-42
8.2825	4.40525e-42
8.2875	4.4114e-42
8.2925	4.41754e-42
8.2975	4.4237e-42
8.3025	4.42985e-42
8.3075	4.43601e-42
8.3125	4.44217e-42
8.3175	4.44834e-42
8.3225	4.45451e-42
8.3275	4.46069e-42
8.3325	4.46687e-42
8.3375	4.47305e-42
8.3425	4.47924e-42
8.3475	4.48543e-42
8.3525	4.49163e-42
8.3575	4.49783e-42
8.3625	4.50403e-42
8.3675	4.51024e-42
8.3725	4.51645e-42
8.3775	4.52266e-42
8.3825	4.52888e-42
8.3875	4.53511e-42
8.3925	4.54134e-42
8.3975	4.54757e-42
8.4025	4.5538e-42
8.4075	4.56004e-42
8.4125	4.56629e-42
8.4175	4.57253e-42
8.4225	4.57879e-42
8.4275	4.58504e-42
8.4325	4.5913e-42
8.4375	4.59756e-42
8.4425	4.60383e-42
8.4475	4.6101e-42
8.4525	4.61638e-42
8.4575	4.62266e-42
8.4625	4.62894e-42
8.4675	4.63523e-42
8.4725	4.64152e-42
8.4775	4.64782e-42
8.4825	4.65412e-42
8.4875	4.66042e-42
8.4925	4.66673e-42
8.4975	4.67304e-42
8.5025	4.67935e-42
8.5075	4.68567e-42
8.5125	4.692e-42
8.5175	4.69832e-42
8.5225	4.70465e-42
8.5275	4.71099e-42
8.5325	4.71733e-42
8.5375	4.72367e-42
8.5425	4.73002e-42
8.5475	4.73637e-42
8.5525	4.74273e-42
8.5575	4.74909e-42
8.5625	4.75545e-42
8.5675	4.76182e-42
8.5725	4.76819e-42
8.5775	4.77456e-42
8.5825	4.78094e-42
8.5875	4.78732e-42
8.5925	4.79371e-42
8.5975	4.8001e-42
8.6025	4.8065e-42
8.6075	4.8129e-42
8.6125	4.8193e-42
8.6175	4.82571e-42
8.6225	4.83212e-42
8.6275	4.83853e-42
8.6325	4.84495e-42
8.6375	4.85137e-42
8.6425	4.8578e-42
8.6475	4.86423e-42
8.6525	4.87067e-42
8.6575	4.8771e-42
8.6625	4.88355e-42
8.6675	4.88999e-42
8.6725	4.89644e-42
8.6775	4.9029e-42
8.6825	4.90936e-42
8.6875	4.91582e-42
8.6925	4.92229e-42
8.6975	4.92876e-42
8.7025	4.93523e-42
8.7075	4.94171e-42
8.7125	4.94819e-42
8.7175	4.95468e-42
8.7225	4.96117e-42
8.7275	4.96766e-42
8.7325	4.97416e-42
8.7375	4.98066e-42
8.7425	4.98717e-42
8.7475	4.99368e-42
8.7525	5.00019e-42
8.7575	5.00671e-42
8.7625	5.01323e-42
8.7675	5.01976e-42
8.7725	5.02629e-42
8.7775	5.03282e-42
8.7825	5.03936e-42
8.7875	5.0459e-42
8.7925	5.05245e-42
8.7975	5.059e-42
8.8025	5.06555e-42
8.8075	5.07211e-42
8.8125	5.07867e-42
8.8175	5.08523e-42
8.8225	5.0918e-42
8.8275	5.09838e-42
8.8325	5.10495e-42
8.8375	5.11153e-42
8.8425	5.11812e-42
8.8475	5.12471e-42
8.8525	5.1313e-42
8.8575	5.1379e-42
8.8625	5.1445e-42
8.8675	5.1511e-42
8.8725	5.15771e-42
8.8775	5.16433e-42
8.8825	5.17094e-42
8.8875	5.17756e-42
8.8925	5.18419e-42
8.8975	5.19082e-42
8.9025	5.19745e-42
8.9075	5.20409e-42
8.9125	5.21073e-42
8.9175	5.21737e-42
8.9225	5.22402e-42
8.9275	5.23067e-42
8.9325	5.23733e-42
8.9375	5.24399e-42
8.9425	5.25065e-42
8.9475	5.25732e-42
8.9525	5.26399e-42
8.9575	5.27067e-42
8.9625	5.27735e-42
8.9675	5.28403e-42
8.9725	5.29072e-42
8.9775	5.29741e-42
8.9825	5.3041e-42
8.9875	5.3108e-42
8.9925	5.31751e-42
8.9975	5.32421e-42
9.0025	5.33092e-42
9.0075	5.33764e-42
9.0125	5.34436e-42
9.0175	5.35108e-42
9.0225	5.35781e-42
9.0275	5.36454e-42
9.0325	5.37127e-42
9.0375	5.37801e-42
9.0425	5.38476e-42
9.0475	5.3915e-42
9.0525	5.39825e-42
9.0575	5.40501e-42
9.0625	5.41176e-42
9.0675	5.41853e-42
9.0725	5.42529e-42
9.0775	5.43206e-42
9.0825	5.43884e-42
9.0875	5.44561e-42
9.0925	5.4524e-42
9.0975	5.45918e-42
9.1025	5.46597e-42
9.1075	5.47277e-42
9.1125	5.47956e-42
9.1175	5.48636e-42
9.1225	5.49317e-42
9.1275	5.49998e-42
9.1325	5.50679e-42
9.1375	5.51361e-42
9.1425	5.52043e-42
9.1475	5.52725e-42
9.1525	5.53408e-42
9.1575	5.54092e-42
9.1625	5.54775e-42
9.1675	5.55459e-42
9.1725	5.56144e-42
9.1775	5.56829e-42
9.1825	5.57514e-42
9.1875	5.58199e-42
9.1925	5.58885e-42
9.1975	5.59572e-42
9.2025	5.60259e-42
9.2075	5.60946e-42
9.2125	5.61633e-42
9.2175	5.62321e-42
9.2225	5.6301e-42
9.2275	5.63698e-42
9.2325	5.64388e-42
9.2375	5.65077e-42
9.2425	5.65767e-42
9.2475	5.66457e-42
9.2525	5.67148e-42
9.2575	5.67839e-42
9.2625	5.68531e-42
9.2675	5.69222e-42
9.2725	5.69915e-42
9.2775	5.70607e-42
9.2825	5.713e-42
9.2875	5.71994e-42
9.2925	5.72688e-42
9.2975	5.73382e-42
9.3025	5.74076e-42
9.3075	5.74771e-42
9.3125	5.75467e-42
9.3175	5.76163e-42
9.3225	5.76859e-42
9.3275	5.77555e-42
9.3325	5.78252e-42
9.3375	5.7895e-42
9.3425	5.79647e-42
9.3475	5.80345e-42
9.3525	5.81044e-42
9.3575	5.81743e-42
9.3625	5.82442e-42
9.3675	5.83142e-42
9.3725	5.83842e-42
9.3775	5.84542e-42
9.3825	5.85243e-42
9.3875	5.85944e-42
9.3925	5.86646e-42
9.3975	5.87348e-42
9.4025	5.8805e-42
9.4075	5.88753e-42
9.4125	5.89456e-42
9.4175	5.9016e-42
9.4225	5.90864e-42
9.4275	5.91568e-42
9.4325	5.92273e-42
9.4375	5.92978e-42
9.4425	5.93683e-42
9.4475	5.94389e-42
9.4525	5.95095e-42
9.4575	5.95802e-42
9.4625	5.96509e-42
9.4675	5.97216e-42
9.4725	5.97924e-42
9.4775	5.98632e-42
9.4825	5.99341e-42
9.4875	6.0005e-42
9.4925	6.00759e-42
9.4975	6.01469e-42
9.5025	6.02179e-42
9.5075	6.0289e-42
9.5125	6.03601e-42
9.5175	6.04312e-42
9.5225	6.05024e-42
9.5275	6.05736e-42
9.5325	6.06448e-42
9.5375	6.07161e-42
9.5425	6.07874e-42
9.5475	6.08588e-42
9.5525	6.09302e-42
9.5575	6.10016e-42
9.5625	6.10731e-42
9.5675	6.11446e-42
9.5725	6.12162e-42
9.5775	6.12878e-42
9.5825	6.13594e-42
9.5875	6.14311e-42
9.5925	6.15028e-42
9.5975	6.15745e-42
9.6025	6.16463e-42
9.6075	6.17182e-42
9.6125	6.179e-42
9.6175	6.18619e-42
9.6225	6.19339e-42
9.6275	6.20058e-42
9.6325	6.20779e-42
9.6375	6.21499e-42
9.6425	6.2222e-42
9.6475	6.22942e-42
9.6525	6.23663e-42
9.6575	6.24385e-42
9.6625	6.25108e-42
9.6675	6.25831e-42
9.6725	6.26554e-42
9.6775	6.27278e-42
9.6825	6.28002e-42
9.6875	6.28726e-42
9.6925	6.29451e-42
9.6975	6.30176e-42
9.7025	6.30902e-42
9.7075	6.31628e-42
9.7125	6.32354e-42
9.7175	6.33081e-42
9.7225	6.33808e-42
9.7275	6.34536e-42
9.7325	6.35264e-42
9.7375	6.35992e-42
9.7425	6.36721e-42
9.7475	6.3745e-42
9.7525	6.38179e-42
9.7575	6.38909e-42
9.7625	6.39639e-42
9.7675	6.4037e-42
9.7725	6.41101e-42
9.7775	6.41832e-42
9.7825	6.42564e-42
9.7875	6.43296e-42
9.7925	6.44028e-42
9.7975	6.44761e-42
9.8025	6.45495e-42
9.8075	6.46228e-42
9.8125	6.46962e-42
9.8175	6.47697e-42
9.8225	6.48432e-42
9.8275	6.49167e-42
9.8325	6.49902e-42
9.8375	6.50638e-42
9.8425	6.51375e-42
9.8475	6.52112e-42
9.8525	6.52849e-42
9.8575	6.53586e-42
9.8625	6.54324e-42
9.8675	6.55062e-42
9.8725	6.55801e-42
9.8775	6.5654e-42
9.8825	6.57279e-42
9.8875	6.58019e-42
9.8925	6.58759e-42
9.8975	6.595e-42
9.9025	6.60241e-42
9.9075	6.60982e-42
9.9125	6.61724e-42
9.9175	6.62466e-42
9.9225	6.63209e-42
9.9275	6.63952e-42
9.9325	6.64695e-42
9.9375	6.65438e-42
9.9425	6.66182e-42
9.9475	6.66927e-42
9.9525	6.67672e-42
9.9575	6.68417e-42
9.9625	6.69162e-42
9.9675	6.69908e-42
9.9725	6.70655e-42
9.9775	6.71401e-42
9.9825	6.72148e-42
9.9875	6.72896e-42
9.9925	6.73644e-42
9.9975	6.74392e-42
10.0025	6.75141e-42
10.0075	6.7589e-42
10.0125	6.76639e-42
10.0175	6.77389e-42
10.0225	6.78139e-42
10.0275	6.78889e-42
10.0325	6.7964e-42
10.0375	6.80392e-42
10.0425	6.81143e-42
10.0475	6.81895e-42
10.0525	6.82648e-42
10.0575	6.83401e-42
10.0625	6.84154e-42
10.0675	6.84907e-42
10.0725	6.85661e-42
10.0775	6.86416e-42
10.0825	6.8717e-42
10.0875	6.87925e-42
10.0925	6.88681e-42
10.0975	6.89437e-42
10.1025	6.90193e-42
10.1075	6.9095e-42
10.1125	6.91707e-42
10.1175	6.92464e-42
10.1225	6.93222e-42
10.1275	6.9398e-42
10.1325	6.94739e-42
10.1375	6.95497e-42
10.1425	6.96257e-42
10.1475	6.97016e-42
10.1525	6.97776e-42
10.1575	6.98537e-42
10.1625	6.99298e-42
10.1675	7.00059e-42
10.1725	7.0082e-42
10.1775	7.01582e-42
10.1825	7.02345e-42
10.1875	7.03107e-42
10.1925	7.03871e-42
10.1975	7.04634e-42
10.2025	7.05398e-42
10.2075	7.06162e-42
10.2125	7.06927e-42
10.2175	7.07692e-42
10.2225	7.08457e-42
10.2275	7.09223e-42
10.2325	7.09989e-42
10.2375	7.10755e-42
10.2425	7.11522e-42
10.2475	7.1229e-42
10.2525	7.13057e-42
10.2575	7.13825e-42
10.2625	7.14594e-42
10.2675	7.15362e-42
10.2725	7.16132e-42
10.2775	7.16901e-42
10.2825	7.17671e-42
10.2875	7.18441e-42
10.2925	7.19212e-42
10.2975	7.19983e-42
10.3025	7.20755e-42
10.3075	7.21526e-42
10.3125	7.22299e-42
10.3175	7.23071e-42
10.3225	7.23844e-42
10.3275	7.24617e-42
10.3325	7.25391e-42
10.3375	7.26165e-42
10.3425	7.2694e-42
10.3475	7.27714e-42
10.3525	7.2849e-42
10.3575	7.29265e-42
10.3625	7.30041e-42
10.3675	7.30818e-42
10.3725	7.31594e-42
10.3775	7.32371e-42
10.3825	7.33149e-42
10.3875	7.33927e-42
10.3925	7.34705e-42
10.3975	7.35484e-42
10.4025	7.36263e-42
10.4075	7.37042e-42
10.4125	7.37822e-42
10.4175	7.38602e-42
10.4225	7.39382e-42
10.4275	7.40163e-42
10.4325	7.40945e-42
10.4375	7.41726e-42
10.4425	7.42508e-42
10.4475	7.43291e-42
10.4525	7.44073e-42
10.4575	7.44857e-42
10.4625	7.4564e-42
10.4675	7.46424e-42
10.4725	7.47208e-42
10.4775	7.47993e-42
10.4825	7.48778e-42
10.4875	7.49563e-42
10.4925	7.50349e-42
10.4975	7.51135e-42
10.5025	7.51922e-42
10.5075	7.52709e-42
10.5125	7.53496e-42
10.5175	7.54284e-42
10.5225	7.55072e-42
10.5275	7.5586e-42
10.5325	7.56649e-42
10.5375	7.57438e-42
10.5425	7.58228e-42
10.5475	7.59018e-42
10.5525	7.59808e-42
10.5575	7.60599e-42
10.5625	7.6139e-42
10.5675	7.62181e-42
10.5725	7.62973e-42
10.5775	7.63765e-42
10.5825	7.64558e-42
10.5875	7.65351e-42
10.5925	7.66144e-42
10.5975	7.66938e-42
10.6025	7.67732e-42
10.6075	7.68526e-42
10.6125	7.69321e-42
10.6175	7.70116e-42
10.6225	7.70912e-42
10.6275	7.71708e-42
10.6325	7.72504e-42
10.6375	7.73301e-42
10.6425	7.74098e-42
10.6475	7.74895e-42
10.6525	7.75693e-42
10.6575	7.76491e-42
10.6625	7.7729e-42
10.6675	7.78089e-42
10.6725	7.78888e-42
10.6775	7.79688e-42
10.6825	7.80488e-42
10.6875	7.81288e-42
10.6925	7.82089e-42
10.6975	7.8289e-42
10.7025	7.83692e-42
10.7075	7.84494e-42
10.7125	7.85296e-42
10.7175	7.86099e-42
10.7225	7.86902e-42
10.7275	7.87705e-42
10.7325	7.88509e-42
10.7375	7.89313e-42
10.7425	7.90118e-42
10.7475	7.90922e-42
10.7525	7.91728e-42
10.7575	7.92533e-42
10.7625	7.93339e-42
10.7675	7.94146e-42
10.7725	7.94953e-42
10.7775	7.9576e-42
10.7825	7.96567e-42
10.7875	7.97375e-42
10.7925	7.98184e-42
10.7975	7.98992e-42
10.8025	7.99801e-42
10.8075	8.00611e-42
10.8125	8.0142e-42
10.8175	8.02231e-42
10.8225	8.03041e-42
10.8275	8.03852e-42
10.8325	8.04663e-42
10.8375	8.05475e-42
10.8425	8.06287e-42
10.8475	8.07099e-42
10.8525	8.07912e-42
10.8575	8.08725e-42
10.8625	8.09539e-42
10.8675	8.10353e-42
10.8725	8.11167e-42
10.8775	8.11982e-42
10.8825	8.12797e-42
10.8875	8.13612e-42
10.8925	8.14428e-42
10.8975	8.15244e-42
10.9025	8.1606e-42
10.9075	8.16877e-42
10.9125	8.17694e-42
10.9175	8.18512e-42
10.9225	8.1933e-42
10.9275	8.20148e-42
10.9325	8.20967e-42
10.9375	8.21786e-42
10.9425	8.22606e-42
10.9475	8.23425e-42
10.9525	8.24246e-42
10.9575	8.25066e-42
10.9625	8.25887e-42
10.9675	8.26708e-42
10.9725	8.2753e-42
10.9775	8.28352e-42
10.9825	8.29175e-42
10.9875	8.29997e-42
10.9925	8.30821e-42
10.9975	8.31644e-42
11.0025	8.32468e-42
11.0075	8.33292e-42
11.0125	8.34117e-42
11.0175	8.34942e-42
11.0225	8.35767e-42
11.0275	8.36593e-42
11.0325	8.37419e-42
11.0375	8.38246e-42
11.0425	8.39073e-42
11.0475	8.399e-42
11.0525	8.40728e-42
11.0575	8.41556e-42
11.0625	8.42384e-42
11.0675	8.43213e-42
11.0725	8.44042e-42
11.0775	8.44871e-42
11.0825	8.45701e-42
11.0875	8.46531e-42
11.0925	8.47362e-42
11.0975	8.48193e-42
11.1025	8.49024e-42
11.1075	8.49856e-42
11.1125	8.50688e-42
11.1175	8.5152e-42
11.1225	8.52353e-42
11.1275	8.53186e-42
11.1325	8.5402e-42
11.1375	8.54854e-42
11.1425	8.55688e-42
11.1475	8.56523e-42
11.1525	8.57358e-42
11.1575	8.58193e-42
11.1625	8.59029e-42
11.1675	8.59865e-42
11.1725	8.60702e-42
11.1775	8.61539e-42
11.1825	8.62376e-42
11.1875	8.63213e-42
11.1925	8.64051e-42
11.1975	8.6489e-42
11.2025	8.65728e-42
11.2075	8.66567e-42
11.2125	8.67407e-42
11.2175	8.68247e-42
11.2225	8.69087e-42
11.2275	8.69927e-42
11.2325	8.70768e-42
11.2375	8.7161e-42
11.2425	8.72451e-42
11.2475	8.73293e-42
11.2525	8.74136e-42
11.2575	8.74979e-42
11.2625	8.75822e-42
11.2675	8.76665e-42
11.2725	8.77509e-42
11.2775	8.78353e-42
11.2825	8.79198e-42
11.2875	8.80043e-42
11.2925	8.80888e-42
11.2975	8.81734e-42
11.3025	8.8258e-42
11.3075	8.83427e-42
11.3125	8.84273e-42
11.3175	8.85121e-42
11.3225	8.85968e-42
11.3275	8.86816e-42
11.3325	8.87664e-42
11.3375	8.88513e-42
11.3425	8.89362e-42
11.3475	8.90211e-42
11.3525	8.91061e-42
11.3575	8.91911e-42
11.3625	8.92762e-42
11.3675	8.93613e-42
11.3725	8.94464e-42
11.3775	8.95315e-42
11.3825	8.96167e-42
11.3875	8.9702e-42
11.3925	8.97872e-42
11.3975	8.98725e-42
11.4025	8.99579e-42
11.4075	9.00433e-42
11.4125	9.01287e-42
11.4175	9.02141e-42
11.4225	9.02996e-42
11.4275	9.03851e-42
11.4325	9.04707e-42
11.4375	9.05563e-42
11.4425	9.06419e-42
11.4475	9.07276e-42
11.4525	9.08133e-42
11.4575	9.08991e-42
11.4625	9.09849e-42
11.4675	9.10707e-42
11.4725	9.11565e-42
11.4775	9.12424e-42
11.4825	9.13283e-42
11.4875	9.14143e-42
11.4925	9.15003e-42
11.4975	9.15864e-42
11.5025	9.16724e-42
11.5075	9.17585e-42
11.5125	9.18447e-42
11.5175	9.19309e-42
11.5225	9.20171e-42
11.5275	9.21033e-42
11.5325	9.21896e-42
11.5375	9.2276e-42
11.5425	9.23623e-42
11.5475	9.24487e-42
11.5525	9.25352e-42
11.5575	9.26217e-42
11.5625	9.27082e-42
11.5675	9.27947e-42
11.5725	9.28813e-42
11.5775	9.29679e-42
11.5825	9.30546e-42
11.5875	9.31413e-42
11.5925	9.3228e-42
11.5975	9.33148e-42
11.6025	9.34016e-42
11.6075	9.34884e-42
11.6125	9.35753e-42
11.6175	9.36622e-42
11.6225	9.37492e-42
11.6275	9.38362e-42
11.6325	9.39232e-42
11.6375	9.40102e-42
11.6425	9.40973e-42
11.6475	9.41845e-42
11.6525	9.42716e-42
11.6575	9.43588e-42
11.6625	9.44461e-42
11.6675	9.45334e-42
11.6725	9.46207e-42
11.6775	9.4708e-42
11.6825	9.47954e-42
11.6875	9.48828e-42
11.6925	9.49703e-42
11.6975	9.50578e-42
11.7025	9.51453e-42
11.7075	9.52329e-42
11.7125	9.53205e-42
11.7175	9.54081e-42
11.7225	9.54958e-42
11.7275	9.55835e-42
11.7325	9.56713e-42
11.7375	9.57591e-42
11.7425	9.58469e-42
11.7475	9.59348e-42
11.7525	9.60227e-42
11.7575	9.61106e-42
11.7625	9.61986e-42
11.7675	9.62866e-42
11.7725	9.63746e-42
11.7775	9.64627e-42
11.7825	9.65508e-42
11.7875	9.66389e-42
11.7925	9.67271e-42
11.7975	9.68153e-42
11.8025	9.69036e-42
11.8075	9.69919e-42
11.8125	9.70802e-42
11.8175	9.71686e-42
11.8225	9.7257e-42
11.8275	9.73454e-42
11.8325	9.74339e-42
11.8375	9.75224e-42
11.8425	9.7611e-42
11.8475	9.76996e-42
11.8525	9.77882e-42
11.8575	9.78768e-42
11.8625	9.79655e-42
11.8675	9.80543e-42
11.8725	9.8143e-42
11.8775	9.82318e-42
11.8825	9.83207e-42
11.8875	9.84095e-42
11.8925	9.84984e-42
11.8975	9.85874e-42
11.9025	9.86764e-42
11.9075	9.87654e-42
11.9125	9.88544e-42
11.9175	9.89435e-42
11.9225	9.90327e-42
11.9275	9.91218e-42
11.9325	9.9211e-42
11.9375	9.93002e-42
11.9425	9.93895e-42
11.9475	9.94788e-42
11.9525	9.95682e-42
11.9575	9.96575e-42
11.9625	9.9747e-42
11.9675	9.98364e-42
11.9725	9.99259e-42
11.9775	1.00015e-41
11.9825	1.00105e-41
11.9875	1.00195e-41
11.9925	1.00284e-41
11.9975	1.00374e-41
12.0025	1.00464e-41
12.0075	1.00553e-41
12.0125	1.00643e-41
12.0175	1.00733e-41
12.0225	1.00823e-41
12.0275	1.00913e-41
12.0325	1.01003e-41
12.0375	1.01093e-41
12.0425	1.01182e-41
12.0475	1.01273e-41
12.0525	1.01363e-41
12.0575	1.01453e-41
12.0625	1.01543e-41
12.0675	1.01633e-41
12.0725	1.01723e-41
12.0775	1.01813e-41
12.0825	1.01904e-41
12.0875	1.01994e-41
12.0925	1.02084e-41
12.0975	1.02175e-41
12.1025	1.02265e-41
12.1075	1.02356e-41
12.1125	1.02446e-41
12.1175	1.02537e-41
12.1225	1.02627e-41
12.1275	1.02718e-41
12.1325	1.02808e-41
12.1375	1.02899e-41
12.1425	1.0299e-41
12.1475	1.03081e-41
12.1525	1.03171e-41
12.1575	1.03262e-41
12.1625	1.03353e-41
12.1675	1.03444e-41
12.1725	1.03535e-41
12.1775	1.03626e-41
12.1825	1.03717e-41
12.1875	1.03808e-41
12.1925	1.03899e-41
12.1975	1.0399e-41
12.2025	1.04081e-41
12.2075	1.04172e-41
12.2125	1.04264e-41
12.2175	1.04355e-41
12.2225	1.04446e-41
12.2275	1.04537e-41
12.2325	1.04629e-41
12.2375	1.0472e-41
12.2425	1.04812e-41
12.2475	1.04903e-41
12.2525	1.04995e-41
12.2575	1.05086e-41
12.2625	1.05178e-41
12.2675	1.05269e-41
12.2725	1.05361e-41
12.2775	1.05453e-41
12.2825	1.05544e-41
12.2875	1.05636e-41
12.2925	1.05728e-41
12.2975	1.0582e-41
12.3025	1.05911e-41
12.3075	1.06003e-41
12.3125	1.06095e-41
12.3175	1.06187e-41
12.3225	1.06279e-41
12.3275	1.06371e-41
12.3325	1.06463e-41
12.3375	1.06555e-41
12.3425	1.06648e-41
12.3475	1.0674e-41
12.3525	1.06832e-41
12.3575	1.06924e-41
12.3625	1.07016e-41
12.3675	1.07109e-41
12.3725	1.07201e-41
12.3775	1.07294e-41
12.3825	1.07386e-41
12.3875	1.07478e-41
12.3925	1.07571e-41
12.3975	1.07663e-41
12.4025	1.07756e-41
12.4075	1.07849e-41
12.4125	1.07941e-41
12.4175	1.08034e-41
12.4225	1.08127e-41
12.4275	1.08219e-41
12.4325	1.08312e-41
12.4375	1.08405e-41
12.4425	1.08498e-41
12.4475	1.08591e-41
12.4525	1.08684e-41
12.4575	1.08777e-41
12.4625	1.0887e-41
12.4675	1.08963e-41
12.4725	1.09056e-41
12.4775	1.09149e-41
12.4825	1.09242e-41
12.4875	1.09335e-41
12.4925	1.09428e-41
12.4975	1.09521e-41
12.5025	1.09615e-41
12.5075	1.09708e-41
12.5125	1.09801e-41
12.5175	1.09895e-41
12.5225	1.09988e-41
12.5275	1.10082e-41
12.5325	1.10175e-41
12.5375	1.10269e-41
12.5425	1.10362e-41
12.5475	1.10456e-41
12.5525	1.10549e-41
12.5575	1.10643e-41
12.5625	1.10737e-41
12.5675	1.10831e-41
12.5725	1.10924e-41
12.5775	1.11018e-41
12.5825	1.11112e-41
12.5875	1.11206e-41
12.5925	1.113e-41
12.5975	1.11394e-41
12.6025	1.11488e-41
12.6075	1.11582e-41
12.6125	1.11676e-41
12.6175	1.1177e-41
12.6225	1.11864e-41
12.6275	1.11958e-41
12.6325	1.12052e-41
12.6375	1.12147e-41
12.6425	1.12241e-41
12.6475	1.12335e-41
12.6525	1.1243e-41
12.6575	1.12524e-41
12.6625	1.12618e-41
12.6675	1.12713e-41
12.6725	1.12807e-41
12.6775	1.12902e-41
12.6825	1.12996e-41
12.6875	1.13091e-41
12.6925	1.13185e-41
12.6975	1.1328e-41
12.7025	1.13375e-41
12.7075	1.1347e-41
12.7125	1.13564e-41
12.7175	1.13659e-41
12.7225	1.13754e-41
12.7275	1.13849e-41
12.7325	1.13944e-41
12.7375	1.14039e-41
12.7425	1.14134e-41
12.7475	1.14229e-41
12.7525	1.14324e-41
12.7575	1.14419e-41
12.7625	1.14514e-41
12.7675	1.14609e-41
12.7725	1.14704e-41
12.7775	1.14799e-41
12.7825	1.14895e-41
12.7875	1.1499e-41
12.7925	1.15085e-41
12.7975	1.15181e-41
12.8025	1.15276e-41
12.8075	1.15371e-41
12.8125	1.15467e-41
12.8175	1.15562e-41
12.8225	1.15658e-41
12.8275	1.15754e-41
12.8325	1.15849e-41
12.8375	1.15945e-41
12.8425	1.1604e-41
12.8475	1.16136e-41
12.8525	1.16232e-41
12.8575	1.16328e-41
12.8625	1.16423e-41
12.8675	1.16519e-41
12.8725	1.16615e-41
12.8775	1.16711e-41
12.8825	1.16807e-41
12.8875	1.16903e-41
12.8925	1.16999e-41
12.8975	1.17095e-41
12.9025	1.17191e-41
12.9075	1.17287e-41
12.9125	1.17384e-41
12.9175	1.1748e-41
12.9225	1.17576e-41
12.9275	1.17672e-41
12.9325	1.17769e-41
12.9375	1.17865e-41
12.9425	1.17961e-41
12.9475	1.18058e-41
12.9525	1.18154e-41
12.9575	1.18251e-41
12.9625	1.18347e-41
12.9675	1.18444e-41
12.9725	1.1854e-41
12.9775	1.18637e-41
12.9825	1.18734e-41
12.9875	1.1883e-41
12.9925	1.18927e-41
12.9975	1.19024e-41
13.0025	1.19121e-41
13.0075	1.19217e-41
13.0125	1.19314e-41
13.0175	1.19411e-41
13.0225	1.19508e-41
13.0275	1.19605e-41
13.0325	1.19702e-41
13.0375	1.19799e-41
13.0425	1.19896e-41
13.0475	1.19993e-41
13.0525	1.2009e-41
13.0575	1.20188e-41
13.0625	1.20285e-41
13.0675	1.20382e-41
13.0725	1.20479e-41
13.0775	1.20577e-41
13.0825	1.20674e-41
13.0875	1.20771e-41
13.0925	1.20869e-41
13.0975	1.20966e-41
13.1025	1.21064e-41
13.1075	1.21161e-41
13.1125	1.21259e-41
13.1175	1.21356e-41
13.1225	1.21454e-41
13.1275	1.21552e-41
13.1325	1.21649e-41
13.1375	1.21747e-41
13.1425	1.21845e-41
13.1475	1.21943e-41
13.1525	1.22041e-41
13.1575	1.22138e-41
13.1625	1.22236e-41
13.1675	1.22334e-41
13.1725	1.22432e-41
13.1775	1.2253e-41
13.1825	1.22628e-41
13.1875	1.22726e-41
13.1925	1.22825e-41
13.1975	1.22923e-41
13.2025	1.23021e-41
13.2075	1.23119e-41
13.2125	1.23217e-41
13.2175	1.23316e-41
13.2225	1.23414e-41
13.2275	1.23512e-41
13.2325	1.23611e-41
13.2375	1.23709e-41
13.2425	1.23808e-41
13.2475	1.23906e-41
13.2525	1.24005e-41
13.2575	1.24103e-41
13.2625	1.24202e-41
13.2675	1.243e-41
13.2725	1.24399e-41
13.2775	1.24498e-41
13.2825	1.24597e-41
13.2875	1.24695e-41
13.2925	1.24794e-41
13.2975	1.24893e-41
13.3025	1.24992e-41
13.3075	1.25091e-41
13.3125	1.2519e-41
13.3175	1.25289e-41
13.3225	1.25388e-41
13.3275	1.25487e-41
13.3325	1.25586e-41
13.3375	1.25685e-41
13.3425	1.25784e-41
13.3475	1.25883e-41
13.3525	1.25983e-41
13.3575	1.26082e-41
13.3625	1.26181e-41
13.3675	1.2628e-41
13.3725	1.2638e-41
13.3775	1.26479e-41
13.3825	1.26579e-41
13.3875	1.26678e-41
13.3925	1.26778e-41
13.3975	1.26877e-41
13.4025	1.26977e-41
13.4075	1.27076e-41
13.4125	1.27176e-41
13.4175	1.27276e-41
13.4225	1.27375e-41
13.4275	1.27475e-41
13.4325	1.27575e-41
13.4375	1.27675e-41
13.4425	1.27775e-41
13.4475	1.27874e-41
13.4525	1.27974e-41
13.4575	1.28074e-41
13.4625	1.28174e-41
13.4675	1.28274e-41
13.4725	1.28374e-41
13.4775	1.28474e-41
13.4825	1.28575e-41
13.4875	1.28675e-41
13.4925	1.28775e-41
13.4975	1.28875e-41
13.5025	1.28975e-41
13.5075	1.29076e-41
13.5125	1.29176e-41
13.5175	1.29276e-41
13.5225	1.29377e-41
13.5275	1.29477e-41
13.5325	1.29578e-41
13.5375	1.29678e-41
13.5425	1.29779e-41
13.5475	1.29879e-41
13.5525	1.2998e-41
13.5575	1.3008e-41
13.5625	1.30181e-41
13.5675	1.30282e-41
13.5725	1.30383e-41
13.5775	1.30483e-41
13.5825	1.30584e-41
13.5875	1.30685e-41
13.5925	1.30786e-41
13.5975	1.30887e-41
13.6025	1.30988e-41
13.6075	1.31089e-41
13.6125	1.3119e-41
13.6175	1.31291e-41
13.6225	1.31392e-41
13.6275	1.31493e-41
13.6325	1.31594e-41
13.6375	1.31695e-41
13.6425	1.31797e-41
13.6475	1.31898e-41
13.6525	1.31999e-41
13.6575	1.321e-41
13.6625	1.32202e-41
13.6675	1.32303e-41
13.6725	1.32405e-41
13.6775	1.32506e-41
13.6825	1.32608e-41
13.6875	1.32709e-41
13.6925	1.32811e-41
13.6975	1.32912e-41
13.7025	1.33014e-41
13.7075	1.33115e-41
13.7125	1.33217e-41
13.7175	1.33319e-41
13.7225	1.33421e-41
13.7275	1.33522e-41
13.7325	1.33624e-41
13.7375	1.33726e-41
13.7425	1.33828e-41
13.7475	1.3393e-41
13.7525	1.34032e-41
13.7575	1.34134e-41
13.7625	1.34236e-41
13.7675	1.34338e-41
13.7725	1.3444e-41
13.7775	1.34542e-41
13.7825	1.34645e-41
13.7875	1.34747e-41
13.7925	1.34849e-41
13.7975	1.34951e-41
13.8025	1.35054e-41
13.8075	1.35156e-41
13.8125	1.35258e-41
13.8175	1.35361e-41
13.8225	1.35463e-41
13.8275	1.35566e-41
13.8325	1.35668e-41
13.8375	1.35771e-41
13.8425	1.35873e-41
13.8475	1.35976e-41
13.8525	1.36079e-41
13.8575	1.36181e-41
13.8625	1.36284e-41
13.8675	1.36387e-41
13.8725	1.36489e-41
13.8775	1.36592e-41
13.8825	1.36695e-41
13.8875	1.36798e-41
13.8925	1.36901e-41
13.8975	1.37004e-41
13.9025	1.37107e-41
13.9075	1.3721e-41
13.9125	1.37313e-41
13.9175	1.37416e-41
13.9225	1.37519e-41
13.9275	1.37622e-41
13.9325	1.37726e-41
13.9375	1.37829e-41
13.9425	1.37932e-41
13.9475	1.38035e-41
13.9525	1.38139e-41
13.9575	1.38242e-41
13.9625	1.38345e-41
13.9675	1.38449e-41
13.9725	1.38552e-41
13.9775	1.38656e-41
13.9825	1.38759e-41
13.9875	1.38863e-41
13.9925	1.38967e-41
13.9975	1.3907e-41
14.0025	1.39174e-41
14.0075	1.39278e-41
14.0125	1.39381e-41
14.0175	1.39485e-41
14.0225	1.39589e-41
14.0275	1.39693e-41
14.0325	1.39797e-41
14.0375	1.399e-41
14.0425	1.40004e-41
14.0475	1.40108e-41
14.0525	1.40212e-41
14.0575	1.40316e-41
14.0625	1.4042e-41
14.0675	1.40525e-41
14.0725	1.40629e-41
14.0775	1.40733e-41
14.0825	1.40837e-41
14.0875	1.40941e-41
14.0925	1.41046e-41
14.0975	1.4115e-41
14.1025	1.41254e-41
14.1075	1.41359e-41
14.1125	1.41463e-41
14.1175	1.41567e-41
14.1225	1.41672e-41
14.1275	1.41776e-41
14.1325	1.41881e-41
14.1375	1.41986e-41
14.1425	1.4209e-41
14.1475	1.42195e-41
14.1525	1.423e-41
14.1575	1.42404e-41
14.1625	1.42509e-41
14.1675	1.42614e-41
14.1725	1.42719e-41
14.1775	1.42823e-41
14.1825	1.42928e-41
14.1875	1.43033e-41
14.1925	1.43138e-41
14.1975	1.43243e-41
14.2025	1.43348e-41
14.2075	1.43453e-41
14.2125	1.43558e-41
14.2175	1.43663e-41
14.2225	1.43769e-41
14.2275	1.43874e-41
14.2325	1.43979e-41
14.2375	1.44084e-41
14.2425	1.4419e-41
14.2475	1.44295e-41
14.2525	1.444e-41
14.2575	1.44506e-41
14.2625	1.44611e-41
14.2675	1.44716e-41
14.2725	1.44822e-41
14.2775	1.44927e-41
14.2825	1.45033e-41
14.2875	1.45139e-41
14.2925	1.45244e-41
14.2975	1.4535e-41
14.3025	1.45456e-41
14.3075	1.45561e-41
14.3125	1.45667e-41
14.3175	1.45773e-41
14.3225	1.45879e-41
14.3275	1.45984e-41
14.3325	1.4609e-41
14.3375	1.46196e-41
14.3425	1.46302e-41
14.3475	1.46408e-41
14.3525	1.46514e-41
14.3575	1.4662e-41
14.3625	1.46726e-41
14.3675	1.46833e-41
14.3725	1.46939e-41
14.3775	1.47045e-41
14.3825	1.47151e-41
14.3875	1.47257e-41
14.3925	1.47364e-41
14.3975	1.4747e-41
14.4025	1.47576e-41
14.4075	1.47683e-41
14.4125	1.47789e-41
14.4175	1.47896e-41
14.4225	1.48002e-41
14.4275	1.48109e-41
14.4325	1.48215e-41
14.4375	1.48322e-41
14.4425	1.48428e-41
14.4475	1.48535e-41
14.4525	1.48642e-41
14.4575	1.48748e-41
14.4625	1.48855e-41
14.4675	1.48962e-41
14.4725	1.49069e-41
14.4775	1.49176e-41
14.4825	1.49283e-41
14.4875	1.49389e-41
14.4925	1.49496e-41
14.4975	1.49603e-41
14.5025	1.4971e-41
14.5075	1.49817e-41
14.5125	1.49925e-41
14.5175	1.50032e-41
14.5225	1.50139e-41
14.5275	1.50246e-41
14.5325	1.50353e-41
14.5375	1.50461e-41
14.5425	1.50568e-41
14.5475	1.50675e-41
14.5525	1.50782e-41
14.5575	1.5089e-41
14.5625	1.50997e-41
14.5675	1.51105e-41
14.5725	1.51212e-41
14.5775	1.5132e-41
14.5825	1.51427e-41
14.5875	1.51535e-41
14.5925	1.51642e-41
14.5975	1.5175e-41
14.6025	1.51858e-41
14.6075	1.51966e-41
14.6125	1.52073e-41
14.6175	1.52181e-41
14.6225	1.52289e-41
14.6275	1.52397e-41
14.6325	1.52505e-41
14.6375	1.52613e-41
14.6425	1.52721e-41
14.6475	1.52829e-41
14.6525	1.52937e-41
14.6575	1.53045e-41
14.6625	1.53153e-41
14.6675	1.53261e-41
14.6725	1.53369e-41
14.6775	1.53477e-41
14.6825	1.53585e-41
14.6875	1.53694e-41
14.6925	1.53802e-41
14.6975	1.5391e-41
14.7025	1.54019e-41
14.7075	1.54127e-41
14.7125	1.54235e-41
14.7175	1.54344e-41
14.7225	1.54452e-41
14.7275	1.54561e-41
14.7325	1.54669e-41
14.7375	1.54778e-41
14.7425	1.54886e-41
14.7475	1.54995e-41
14.7525	1.55104e-41
14.7575	1.55213e-41
14.7625	1.55321e-41
14.7675	1.5543e-41
14.7725	1.55539e-41
14.7775	1.55648e-41
14.7825	1.55757e-41
14.7875	1.55865e-41
14.7925	1.55974e-41
14.7975	1.56083e-41
14.8025	1.56192e-41
14.8075	1.56301e-41
14.8125	1.56411e-41
14.8175	1.5652e-41
14.8225	1.56629e-41
14.8275	1.56738e-41
14.8325	1.56847e-41
14.8375	1.56956e-41
14.8425	1.57066e-41
14.8475	1.57175e-41
14.8525	1.57284e-41
14.8575	1.57394e-41
14.8625	1.57503e-41
14.8675	1.57613e-41
14.8725	1.57722e-41
14.8775	1.57831e-41
14.8825	1.57941e-41
14.8875	1.58051e-41
14.8925	1.5816e-41
14.8975	1.5827e-41
14.9025	1.58379e-41
14.9075	1.58489e-41
14.9125	1.58599e-41
14.9175	1.58709e-41
14.9225	1.58818e-41
14.9275	1.58928e-41
14.9325	1.59038e-41
14.9375	1.59148e-41
14.9425	1.59258e-41
14.9475	1.59368e-41
14.9525	1.59478e-41
14.9575	1.59588e-41
14.9625	1.59698e-41
14.9675	1.59808e-41
14.9725	1.59918e-41
14.9775	1.60028e-41
14.9825	1.60139e-41
14.9875	1.60249e-41
14.9925	1.60359e-41
