1.7975	0
1.8025	0
1.8075	1.89689e-45
1.8125	4.06676e-45
1.8175	5.4863e-45
1.8225	6.65548e-45
1.8275	7.69029e-45
1.8325	8.63998e-45
1.8375	9.5308e-45
1.8425	1.03786e-44
1.8475	1.11939e-44
1.8525	1.19839e-44
1.8575	1.27539e-44
1.8625	1.35079e-44
1.8675	1.4249e-44
1.8725	1.49795e-44
1.8775	1.57016e-44
1.8825	1.64167e-44
1.8875	1.71262e-44
1.8925	1.78313e-44
1.8975	1.85328e-44
1.9025	1.92316e-44
1.9075	1.99283e-44
1.9125	2.06237e-44
1.9175	2.13182e-44
1.9225	2.20122e-44
1.9275	2.27063e-44
1.9325	2.34007e-44
1.9375	2.40958e-44
1.9425	2.47918e-44
1.9475	2.54891e-44
1.9525	2.61879e-44
1.9575	2.68883e-44
1.9625	2.75907e-44
1.9675	2.82951e-44
1.9725	2.90017e-44
1.9775	2.97107e-44
1.9825	3.04222e-44
1.9875	3.11364e-44
1.9925	3.18532e-44
1.9975	3.2573e-44
2.0025	3.32957e-44
2.0075	3.40214e-44
2.0125	3.47503e-44
2.0175	3.54824e-44
2.0225	3.62177e-44
2.0275	3.69564e-44
2.0325	3.76986e-44
2.0375	3.84442e-44
2.0425	3.91933e-44
2.0475	3.9946e-44
2.0525	4.07023e-44
2.0575	4.14623e-44
2.0625	4.22261e-44
2.0675	4.29936e-44
2.0725	4.37649e-44
2.0775	4.454e-44
2.0825	4.5319e-44
2.0875	4.6102e-44
2.0925	4.68888e-44
2.0975	4.76796e-44
2.1025	4.84744e-44
2.1075	4.92732e-44
2.1125	5.00761e-44
2.1175	5.0883e-44
2.1225	5.16941e-44
2.1275	5.25092e-44
2.1325	5.33285e-44
2.1375	5.41519e-44
2.1425	5.49794e-44
2.1475	5.58112e-44
2.1525	5.66472e-44
2.1575	5.74873e-44
2.1625	5.83317e-44
2.1675	5.91804e-44
2.1725	6.00333e-44
2.1775	6.08905e-44
2.1825	6.1752e-44
2.1875	6.26177e-44
2.1925	6.34878e-44
2.1975	6.43622e-44
2.2025	6.5241e-44
2.2075	6.6124e-44
2.2125	6.70115e-44
2.2175	6.79032e-44
2.2225	6.87994e-44
2.2275	6.96999e-44
2.2325	7.06048e-44
2.2375	7.15141e-44
2.2425	7.24279e-44
2.2475	7.3346e-44
2.2525	7.42685e-44
2.2575	7.51955e-44
2.2625	7.61268e-44
2.2675	7.70627e-44
2.2725	7.80029e-44
2.2775	7.89476e-44
2.2825	7.98968e-44
2.2875	8.08504e-44
2.2925	8.18085e-44
2.2975	8.2771e-44
2.3025	8.3738e-44
2.3075	8.47095e-44
2.3125	8.56855e-44
2.3175	8.66659e-44
2.3225	8.76509e-44
2.3275	8.86403e-44
2.3325	8.96342e-44
2.3375	9.06326e-44
2.3425	9.16356e-44
2.3475	9.2643e-44
2.3525	9.3655e-44
2.3575	9.46714e-44
2.3625	9.56924e-44
2.3675	9.67179e-44
2.3725	9.77479e-44
2.3775	9.87825e-44
2.3825	9.98215e-44
2.3875	1.00865e-43
2.3925	1.01913e-43
2.3975	1.02966e-43
2.4025	1.04023e-43
2.4075	1.05085e-43
2.4125	1.06151e-43
2.4175	1.07222e-43
2.4225	1.08297e-43
2.4275	1.09377e-43
2.4325	1.10462e-43
2.4375	1.11551e-43
2.4425	1.12644e-43
2.4475	1.13742e-43
2.4525	1.14845e-43
2.4575	1.15952e-43
2.4625	1.17064e-43
2.4675	1.1818e-43
2.4725	1.19301e-43
2.4775	1.20427e-43
2.4825	1.21557e-43
2.4875	1.22691e-43
2.4925	1.23831e-43
2.4975	1.24974e-43
2.5025	1.26123e-43
2.5075	1.27275e-43
2.5125	1.28433e-43
2.5175	1.29595e-43
2.5225	1.30761e-43
2.5275	1.31933e-43
2.5325	1.33108e-43
2.5375	1.34289e-43
2.5425	1.35473e-43
2.5475	1.36663e-43
2.5525	1.37857e-43
2.5575	1.39056e-43
2.5625	1.40259e-43
2.5675	1.41466e-43
2.5725	1.42679e-43
2.5775	1.43896e-43
2.5825	1.45117e-43
2.5875	1.46343e-43
2.5925	1.47574e-43
2.5975	1.48809e-43
2.6025	1.50049e-43
2.6075	1.51293e-43
2.6125	1.52542e-43
2.6175	1.53796e-43
2.6225	1.55054e-43
2.6275	1.56317e-43
2.6325	1.57584e-43
2.6375	1.58856e-43
2.6425	1.60132e-43
2.6475	1.61413e-43
2.6525	1.62699e-43
2.6575	1.63989e-43
2.6625	1.65284e-43
2.6675	1.66584e-43
2.6725	1.67887e-43
2.6775	1.69196e-43
2.6825	1.70509e-43
2.6875	1.71827e-43
2.6925	1.73149e-43
2.6975	1.74476e-43
2.7025	1.75808e-43
2.7075	1.77144e-43
2.7125	1.78484e-43
2.7175	1.7983e-43
2.7225	1.8118e-43
2.7275	1.82534e-43
2.7325	1.83893e-43
2.7375	1.85257e-43
2.7425	1.86625e-43
2.7475	1.87998e-43
2.7525	1.89375e-43
2.7575	1.90757e-43
2.7625	1.92143e-43
2.7675	1.93534e-43
2.7725	1.9493e-43
2.7775	1.9633e-43
2.7825	1.97735e-43
2.7875	1.99145e-43
2.7925	2.00559e-43
2.7975	2.01977e-43
2.8025	2.03401e-43
2.8075	2.04828e-43
2.8125	2.06261e-43
2.8175	2.07698e-43
2.8225	2.09139e-43
2.8275	2.10585e-43
2.8325	2.12036e-43
2.8375	2.13491e-43
2.8425	2.14951e-43
2.8475	2.16416e-43
2.8525	2.17885e-43
2.8575	2.19359e-43
2.8625	2.20837e-43
2.8675	2.2232e-43
2.8725	2.23807e-43
2.8775	2.25299e-43
2.8825	2.26795e-43
2.8875	2.28297e-43
2.8925	2.29802e-43
2.8975	2.31313e-43
2.9025	2.32827e-43
2.9075	2.34347e-43
2.9125	2.35871e-43
2.9175	2.374e-43
2.9225	2.38933e-43
2.9275	2.40471e-43
2.9325	2.42013e-43
2.9375	2.4356e-43
2.9425	2.45111e-43
2.9475	2.46667e-43
2.9525	2.48228e-43
2.9575	2.49793e-43
2.9625	2.51363e-43
2.9675	2.52938e-43
2.9725	2.54516e-43
2.9775	2.561e-43
2.9825	2.57688e-43
2.9875	2.59281e-43
2.9925	2.60878e-43
2.9975	2.6248e-43
3.0025	2.64086e-43
3.0075	2.65697e-43
3.0125	2.67313e-43
3.0175	2.68933e-43
3.0225	2.70558e-43
3.0275	2.72187e-43
3.0325	2.73821e-43
3.0375	2.75459e-43
3.0425	2.77102e-43
3.0475	2.7875e-43
3.0525	2.80402e-43
3.0575	2.82059e-43
3.0625	2.8372e-43
3.0675	2.85386e-43
3.0725	2.87056e-43
3.0775	2.88731e-43
3.0825	2.90411e-43
3.0875	2.92095e-43
3.0925	2.93784e-43
3.0975	2.95477e-43
3.1025	2.97175e-43
3.1075	2.98877e-43
3.1125	3.00584e-43
3.1175	3.02296e-43
3.1225	3.04012e-43
3.1275	3.05733e-43
3.1325	3.07458e-43
3.1375	3.09188e-43
3.1425	3.10922e-43
3.1475	3.12661e-43
3.1525	3.14404e-43
3.1575	3.16152e-43
3.1625	3.17905e-43
3.1675	3.19662e-43
3.1725	3.21424e-43
3.1775	3.2319e-43
3.1825	3.24961e-43
3.1875	3.26736e-43
3.1925	3.28516e-43
3.1975	3.30301e-43
3.2025	3.3209e-43
3.2075	3.33884e-43
3.2125	3.35682e-43
3.2175	3.37485e-43
3.2225	3.39292e-43
3.2275	3.41104e-43
3.2325	3.4292e-43
3.2375	3.44741e-43
3.2425	3.46567e-43
3.2475	3.48397e-43
3.2525	3.50231e-43
3.2575	3.52071e-43
3.2625	3.53914e-43
3.2675	3.55763e-43
3.2725	3.57616e-43
3.2775	3.59473e-43
3.2825	3.61335e-43
3.2875	3.63201e-43
3.2925	3.65072e-43
3.2975	3.66948e-43
3.3025	3.68828e-43
3.3075	3.70713e-43
3.3125	3.72602e-43
3.3175	3.74496e-43
3.3225	3.76394e-43
3.3275	3.78297e-43
3.3325	3.80205e-43
3.3375	3.82117e-43
3.3425	3.84033e-43
3.3475	3.85954e-43
3.3525	3.8788e-43
3.3575	3.8981e-43
3.3625	3.91745e-43
3.3675	3.93684e-43
3.3725	3.95628e-43
3.3775	3.97576e-43
3.3825	3.99529e-43
3.3875	4.01486e-43
3.3925	4.03448e-43
3.3975	4.05415e-43
3.4025	4.07386e-43
3.4075	4.09361e-43
3.4125	4.11341e-43
3.4175	4.13326e-43
3.4225	4.15315e-43
3.4275	4.17309e-43
3.4325	4.19307e-43
3.4375	4.2131e-43
3.4425	4.23317e-43
3.4475	4.25329e-43
3.4525	4.27345e-43
3.4575	4.29366e-43
3.4625	4.31392e-43
3.4675	4.33422e-43
3.4725	4.35456e-43
3.4775	4.37495e-43
3.4825	4.39539e-43
3.4875	4.41587e-43
3.4925	4.4364e-43
3.4975	4.45697e-43
3.5025	4.47758e-43
3.5075	4.49825e-43
3.5125	4.51895e-43
3.5175	4.53971e-43
3.5225	4.5605e-43
3.5275	4.58135e-43
3.5325	4.60224e-43
3.5375	4.62317e-43
3.5425	4.64415e-43
3.5475	4.66517e-43
3.5525	4.68624e-43
3.5575	4.70736e-43
3.5625	4.72852e-43
3.5675	4.74972e-43
3.5725	4.77097e-43
3.5775	4.79227e-43
3.5825	4.81361e-43
3.5875	4.835e-43
3.5925	4.85643e-43
3.5975	4.8779e-43
3.6025	4.89943e-43
3.6075	4.92099e-43
3.6125	4.94261e-43
3.6175	4.96426e-43
3.6225	4.98596e-43
3.6275	5.00771e-43
3.6325	5.02951e-43
3.6375	5.05134e-43
3.6425	5.07323e-43
3.6475	5.09515e-43
3.6525	5.11713e-43
3.6575	5.13915e-43
3.6625	5.16121e-43
3.6675	5.18332e-43
3.6725	5.20547e-43
3.6775	5.22767e-43
3.6825	5.24991e-43
3.6875	5.2722e-43
3.6925	5.29454e-43
3.6975	5.31692e-43
3.7025	5.33934e-43
3.7075	5.36181e-43
3.7125	5.38433e-43
3.7175	5.40689e-43
3.7225	5.42949e-43
3.7275	5.45214e-43
3.7325	5.47483e-43
3.7375	5.49757e-43
3.7425	5.52036e-43
3.7475	5.54319e-43
3.7525	5.56606e-43
3.7575	5.58898e-43
3.7625	5.61195e-43
3.7675	5.63496e-43
3.7725	5.65801e-43
3.7775	5.68111e-43
3.7825	5.70426e-43
3.7875	5.72745e-43
3.7925	5.75068e-43
3.7975	5.77396e-43
3.8025	5.79729e-43
3.8075	5.82066e-43
3.8125	5.84407e-43
3.8175	5.86753e-43
3.8225	5.89104e-43
3.8275	5.91459e-43
3.8325	5.93818e-43
3.8375	5.96182e-43
3.8425	5.98551e-43
3.8475	6.00924e-43
3.8525	6.03301e-43
3.8575	6.05683e-43
3.8625	6.08069e-43
3.8675	6.1046e-43
3.8725	6.12856e-43
3.8775	6.15256e-43
3.8825	6.1766e-43
3.8875	6.20069e-43
3.8925	6.22482e-43
3.8975	6.249e-43
3.9025	6.27322e-43
3.9075	6.29749e-43
3.9125	6.3218e-43
3.9175	6.34616e-43
3.9225	6.37057e-43
3.9275	6.39501e-43
3.9325	6.41951e-43
3.9375	6.44404e-43
3.9425	6.46862e-43
3.9475	6.49325e-43
3.9525	6.51792e-43
3.9575	6.54264e-43
3.9625	6.5674e-43
3.9675	6.59221e-43
3.9725	6.61706e-43
3.9775	6.64195e-43
3.9825	6.6669e-43
3.9875	6.69188e-43
3.9925	6.71691e-43
3.9975	6.74199e-43
4.0025	6.76711e-43
4.0075	6.79227e-43
4.0125	6.81748e-43
4.0175	6.84273e-43
4.0225	6.86803e-43
4.0275	6.89337e-43
4.0325	6.91876e-43
4.0375	6.9442e-43
4.0425	6.96967e-43
4.0475	6.9952e-43
4.0525	7.02076e-43
4.0575	7.04637e-43
4.0625	7.07203e-43
4.0675	7.09773e-43
4.0725	7.12348e-43
4.0775	7.14927e-43
4.0825	7.1751e-43
4.0875	7.20098e-43
4.0925	7.22691e-43
4.0975	7.25288e-43
4.1025	7.27889e-43
4.1075	7.30495e-43
4.1125	7.33105e-43
4.1175	7.3572e-43
4.1225	7.38339e-43
4.1275	7.40963e-43
4.1325	7.43591e-43
4.1375	7.46224e-43
4.1425	7.48861e-43
4.1475	7.51502e-43
4.1525	7.54148e-43
4.1575	7.56799e-43
4.1625	7.59454e-43
4.1675	7.62113e-43
4.1725	7.64777e-43
4.1775	7.67445e-43
4.1825	7.70118e-43
4.1875	7.72795e-43
4.1925	7.75477e-43
4.1975	7.78163e-43
4.2025	7.80854e-43
4.2075	7.83549e-43
4.2125	7.86248e-43
4.2175	7.88952e-43
4.2225	7.91661e-43
4.2275	7.94374e-43
4.2325	7.97091e-43
4.2375	7.99813e-43
4.2425	8.02539e-43
4.2475	8.05269e-43
4.2525	8.08005e-43
4.2575	8.10744e-43
4.2625	8.13488e-43
4.2675	8.16237e-43
4.2725	8.1899e-43
4.2775	8.21747e-43
4.2825	8.24509e-43
4.2875	8.27275e-43
4.2925	8.30046e-43
4.2975	8.32821e-43
4.3025	8.356e-43
4.3075	8.38384e-43
4.3125	8.41173e-43
4.3175	8.43966e-43
4.3225	8.46763e-43
4.3275	8.49565e-43
4.3325	8.52371e-43
4.3375	8.55182e-43
4.3425	8.57997e-43
4.3475	8.60816e-43
4.3525	8.6364e-43
4.3575	8.66469e-43
4.3625	8.69302e-43
4.3675	8.72139e-43
4.3725	8.74981e-43
4.3775	8.77827e-43
4.3825	8.80678e-43
4.3875	8.83533e-43
4.3925	8.86392e-43
4.3975	8.89256e-43
4.4025	8.92124e-43
4.4075	8.94997e-43
4.4125	8.97874e-43
4.4175	9.00756e-43
4.4225	9.03642e-43
4.4275	9.06533e-43
4.4325	9.09428e-43
4.4375	9.12327e-43
4.4425	9.15231e-43
4.4475	9.18139e-43
4.4525	9.21052e-43
4.4575	9.23969e-43
4.4625	9.2689e-43
4.4675	9.29816e-43
4.4725	9.32747e-43
4.4775	9.35681e-43
4.4825	9.38621e-43
4.4875	9.41564e-43
4.4925	9.44512e-43
4.4975	9.47465e-43
4.5025	9.50422e-43
4.5075	9.53383e-43
4.5125	9.56349e-43
4.5175	9.59319e-43
4.5225	9.62294e-43
4.5275	9.65273e-43
4.5325	9.68256e-43
4.5375	9.71244e-43
4.5425	9.74236e-43
4.5475	9.77233e-43
4.5525	9.80234e-43
4.5575	9.83239e-43
4.5625	9.86249e-43
4.5675	9.89264e-43
4.5725	9.92283e-43
4.5775	9.95306e-43
4.5825	9.98333e-43
4.5875	1.00137e-42
4.5925	1.0044e-42
4.5975	1.00744e-42
4.6025	1.01049e-42
4.6075	1.01354e-42
4.6125	1.01659e-42
4.6175	1.01965e-42
4.6225	1.02271e-42
4.6275	1.02578e-42
4.6325	1.02885e-42
4.6375	1.03193e-42
4.6425	1.03501e-42
4.6475	1.03809e-42
4.6525	1.04118e-42
4.6575	1.04428e-42
4.6625	1.04737e-42
4.6675	1.05048e-42
4.6725	1.05358e-42
4.6775	1.0567e-42
4.6825	1.05981e-42
4.6875	1.06293e-42
4.6925	1.06606e-42
4.6975	1.06919e-42
4.7025	1.07232e-42
4.7075	1.07546e-42
4.7125	1.0786e-42
4.7175	1.08175e-42
4.7225	1.0849e-42
4.7275	1.08805e-42
4.7325	1.09121e-42
4.7375	1.09438e-42
4.7425	1.09754e-42
4.7475	1.10072e-42
4.7525	1.10389e-42
4.7575	1.10708e-42
4.7625	1.11026e-42
4.7675	1.11345e-42
4.7725	1.11665e-42
4.7775	1.11985e-42
4.7825	1.12305e-42
4.7875	1.12626e-42
4.7925	1.12947e-42
4.7975	1.13269e-42
4.8025	1.13591e-42
4.8075	1.13914e-42
4.8125	1.14237e-42
4.8175	1.1456e-42
4.8225	1.14884e-42
4.8275	1.15208e-42
4.8325	1.15533e-42
4.8375	1.15858e-42
4.8425	1.16184e-42
4.8475	1.1651e-42
4.8525	1.16836e-42
4.8575	1.17163e-42
4.8625	1.17491e-42
4.8675	1.17819e-42
4.8725	1.18147e-42
4.8775	1.18476e-42
4.8825	1.18805e-42
4.8875	1.19134e-42
4.8925	1.19464e-42
4.8975	1.19795e-42
4.9025	1.20126e-42
4.9075	1.20457e-42
4.9125	1.20789e-42
4.9175	1.21121e-42
4.9225	1.21454e-42
4.9275	1.21787e-42
4.9325	1.2212e-42
4.9375	1.22454e-42
4.9425	1.22789e-42
4.9475	1.23124e-42
4.9525	1.23459e-42
4.9575	1.23795e-42
4.9625	1.24131e-42
4.9675	1.24467e-42
4.9725	1.24804e-42
4.9775	1.25142e-42
4.9825	1.2548e-42
4.9875	1.25818e-42
4.9925	1.26157e-42
4.9975	1.26496e-42
5.0025	1.26836e-42
5.0075	1.27176e-42
5.0125	1.27516e-42
5.0175	1.27857e-42
5.0225	1.28199e-42
5.0275	1.2854e-42
5.0325	1.28883e-42
5.0375	1.29225e-42
5.0425	1.29569e-42
5.0475	1.29912e-42
5.0525	1.30256e-42
5.0575	1.30601e-42
5.0625	1.30946e-42
5.0675	1.31291e-42
5.0725	1.31637e-42
5.0775	1.31983e-42
5.0825	1.32329e-42
5.0875	1.32677e-42
5.0925	1.33024e-42
5.0975	1.33372e-42
5.1025	1.3372e-42
5.1075	1.34069e-42
5.1125	1.34418e-42
5.1175	1.34768e-42
5.1225	1.35118e-42
5.1275	1.35469e-42
5.1325	1.3582e-42
5.1375	1.36171e-42
5.1425	1.36523e-42
5.1475	1.36875e-42
5.1525	1.37228e-42
5.1575	1.37581e-42
5.1625	1.37935e-42
5.1675	1.38289e-42
5.1725	1.38643e-42
5.1775	1.38998e-42
5.1825	1.39354e-42
5.1875	1.39709e-42
5.1925	1.40066e-42
5.1975	1.40422e-42
5.2025	1.40779e-42
5.2075	1.41137e-42
5.2125	1.41495e-42
5.2175	1.41853e-42
5.2225	1.42212e-42
5.2275	1.42571e-42
5.2325	1.42931e-42
5.2375	1.43291e-42
5.2425	1.43652e-42
5.2475	1.44013e-42
5.2525	1.44374e-42
5.2575	1.44736e-42
5.2625	1.45098e-42
5.2675	1.45461e-42
5.2725	1.45824e-42
5.2775	1.46188e-42
5.2825	1.46552e-42
5.2875	1.46916e-42
5.2925	1.47281e-42
5.2975	1.47646e-42
5.3025	1.48012e-42
5.3075	1.48378e-42
5.3125	1.48745e-42
5.3175	1.49112e-42
5.3225	1.4948e-42
5.3275	1.49848e-42
5.3325	1.50216e-42
5.3375	1.50585e-42
5.3425	1.50954e-42
5.3475	1.51324e-42
5.3525	1.51694e-42
5.3575	1.52064e-42
5.3625	1.52435e-42
5.3675	1.52807e-42
5.3725	1.53179e-42
5.3775	1.53551e-42
5.3825	1.53923e-42
5.3875	1.54297e-42
5.3925	1.5467e-42
5.3975	1.55044e-42
5.4025	1.55419e-42
5.4075	1.55793e-42
5.4125	1.56169e-42
5.4175	1.56545e-42
5.4225	1.56921e-42
5.4275	1.57297e-42
5.4325	1.57674e-42
5.4375	1.58052e-42
5.4425	1.5843e-42
5.4475	1.58808e-42
5.4525	1.59187e-42
5.4575	1.59566e-42
5.4625	1.59946e-42
5.4675	1.60326e-42
5.4725	1.60706e-42
5.4775	1.61087e-42
5.4825	1.61468e-42
5.4875	1.6185e-42
5.4925	1.62232e-42
5.4975	1.62615e-42
5.5025	1.62998e-42
5.5075	1.63382e-42
5.5125	1.63766e-42
5.5175	1.6415e-42
5.5225	1.64535e-42
5.5275	1.6492e-42
5.5325	1.65306e-42
5.5375	1.65692e-42
5.5425	1.66078e-42
5.5475	1.66465e-42
5.5525	1.66853e-42
5.5575	1.6724e-42
5.5625	1.67629e-42
5.5675	1.68017e-42
5.5725	1.68406e-42
5.5775	1.68796e-42
5.5825	1.69186e-42
5.5875	1.69576e-42
5.5925	1.69967e-42
5.5975	1.70358e-42
5.6025	1.7075e-42
5.6075	1.71142e-42
5.6125	1.71535e-42
5.6175	1.71928e-42
5.6225	1.72321e-42
5.6275	1.72715e-42
5.6325	1.73109e-42
5.6375	1.73504e-42
5.6425	1.73899e-42
5.6475	1.74295e-42
5.6525	1.74691e-42
5.6575	1.75087e-42
5.6625	1.75484e-42
5.6675	1.75881e-42
5.6725	1.76279e-42
5.6775	1.76677e-42
5.6825	1.77076e-42
5.6875	1.77475e-42
5.6925	1.77874e-42
5.6975	1.78274e-42
5.7025	1.78674e-42
5.7075	1.79075e-42
5.7125	1.79476e-42
5.7175	1.79878e-42
5.7225	1.8028e-42
5.7275	1.80682e-42
5.7325	1.81085e-42
5.7375	1.81489e-42
5.7425	1.81892e-42
5.7475	1.82296e-42
5.7525	1.82701e-42
5.7575	1.83106e-42
5.7625	1.83511e-42
5.7675	1.83917e-42
5.7725	1.84324e-42
5.7775	1.8473e-42
5.7825	1.85138e-42
5.7875	1.85545e-42
5.7925	1.85953e-42
5.7975	1.86362e-42
5.8025	1.8677e-42
5.8075	1.8718e-42
5.8125	1.8759e-42
5.8175	1.88e-42
5.8225	1.8841e-42
5.8275	1.88821e-42
5.8325	1.89233e-42
5.8375	1.89645e-42
5.8425	1.90057e-42
5.8475	1.9047e-42
5.8525	1.90883e-42
5.8575	1.91296e-42
5.8625	1.9171e-42
5.8675	1.92125e-42
5.8725	1.9254e-42
5.8775	1.92955e-42
5.8825	1.93371e-42
5.8875	1.93787e-42
5.8925	1.94203e-42
5.8975	1.94621e-42
5.9025	1.95038e-42
5.9075	1.95456e-42
5.9125	1.95874e-42
5.9175	1.96293e-42
5.9225	1.96712e-42
5.9275	1.97132e-42
5.9325	1.97552e-42
5.9375	1.97972e-42
5.9425	1.98393e-42
5.9475	1.98814e-42
5.9525	1.99236e-42
5.9575	1.99658e-42
5.9625	2.0008e-42
5.9675	2.00503e-42
5.9725	2.00927e-42
5.9775	2.01351e-42
5.9825	2.01775e-42
5.9875	2.022e-42
5.9925	2.02625e-42
5.9975	2.0305e-42
6.0025	2.03476e-42
6.0075	2.03903e-42
6.0125	2.0433e-42
6.0175	2.04757e-42
6.0225	2.05184e-42
6.0275	2.05613e-42
6.0325	2.06041e-42
6.0375	2.0647e-42
6.0425	2.06899e-42
6.0475	2.07329e-42
6.0525	2.0776e-42
6.0575	2.0819e-42
6.0625	2.08621e-42
6.0675	2.09053e-42
6.0725	2.09485e-42
6.0775	2.09917e-42
6.0825	2.1035e-42
6.0875	2.10783e-42
6.0925	2.11217e-42
6.0975	2.11651e-42
6.1025	2.12085e-42
6.1075	2.1252e-42
6.1125	2.12956e-42
6.1175	2.13391e-42
6.1225	2.13827e-42
6.1275	2.14264e-42
6.1325	2.14701e-42
6.1375	2.15139e-42
6.1425	2.15576e-42
6.1475	2.16015e-42
6.1525	2.16454e-42
6.1575	2.16893e-42
6.1625	2.17332e-42
6.1675	2.17772e-42
6.1725	2.18213e-42
6.1775	2.18654e-42
6.1825	2.19095e-42
6.1875	2.19537e-42
6.1925	2.19979e-42
6.1975	2.20421e-42
6.2025	2.20864e-42
6.2075	2.21308e-42
6.2125	2.21752e-42
6.2175	2.22196e-42
6.2225	2.22641e-42
6.2275	2.23086e-42
6.2325	2.23531e-42
6.2375	2.23977e-42
6.2425	2.24423e-42
6.2475	2.2487e-42
6.2525	2.25318e-42
6.2575	2.25765e-42
6.2625	2.26213e-42
6.2675	2.26662e-42
6.2725	2.27111e-42
6.2775	2.2756e-42
6.2825	2.2801e-42
6.2875	2.2846e-42
6.2925	2.28911e-42
6.2975	2.29362e-42
6.3025	2.29813e-42
6.3075	2.30265e-42
6.3125	2.30717e-42
6.3175	2.3117e-42
6.3225	2.31623e-42
6.3275	2.32077e-42
6.3325	2.32531e-42
6.3375	2.32985e-42
6.3425	2.3344e-42
6.3475	2.33895e-42
6.3525	2.34351e-42
6.3575	2.34807e-42
6.3625	2.35264e-42
6.3675	2.35721e-42
6.3725	2.36178e-42
6.3775	2.36636e-42
6.3825	2.37094e-42
6.3875	2.37553e-42
6.3925	2.38012e-42
6.3975	2.38471e-42
6.4025	2.38931e-42
6.4075	2.39391e-42
6.4125	2.39852e-42
6.4175	2.40313e-42
6.4225	2.40775e-42
6.4275	2.41237e-42
6.4325	2.41699e-42
6.4375	2.42162e-42
6.4425	2.42626e-42
6.4475	2.43089e-42
6.4525	2.43553e-42
6.4575	2.44018e-42
6.4625	2.44483e-42
6.4675	2.44948e-42
6.4725	2.45414e-42
6.4775	2.4588e-42
6.4825	2.46347e-42
6.4875	2.46814e-42
6.4925	2.47282e-42
6.4975	2.4775e-42
6.5025	2.48218e-42
6.5075	2.48687e-42
6.5125	2.49156e-42
6.5175	2.49626e-42
6.5225	2.50096e-42
6.5275	2.50566e-42
6.5325	2.51037e-42
6.5375	2.51508e-42
6.5425	2.5198e-42
6.5475	2.52452e-42
6.5525	2.52925e-42
6.5575	2.53398e-42
6.5625	2.53871e-42
6.5675	2.54345e-42
6.5725	2.54819e-42
6.5775	2.55294e-42
6.5825	2.55769e-42
6.5875	2.56244e-42
6.5925	2.5672e-42
6.5975	2.57197e-42
6.6025	2.57673e-42
6.6075	2.58151e-42
6.6125	2.58628e-42
6.6175	2.59106e-42
6.6225	2.59585e-42
6.6275	2.60063e-42
6.6325	2.60543e-42
6.6375	2.61022e-42
6.6425	2.61503e-42
6.6475	2.61983e-42
6.6525	2.62464e-42
6.6575	2.62945e-42
6.6625	2.63427e-42
6.6675	2.63909e-42
6.6725	2.64392e-42
6.6775	2.64875e-42
6.6825	2.65359e-42
6.6875	2.65843e-42
6.6925	2.66327e-42
6.6975	2.66812e-42
6.7025	2.67297e-42
6.7075	2.67782e-42
6.7125	2.68268e-42
6.7175	2.68755e-42
6.7225	2.69242e-42
6.7275	2.69729e-42
6.7325	2.70216e-42
6.7375	2.70705e-42
6.7425	2.71193e-42
6.7475	2.71682e-42
6.7525	2.72171e-42
6.7575	2.72661e-42
6.7625	2.73151e-42
6.7675	2.73642e-42
6.7725	2.74133e-42
6.7775	2.74624e-42
6.7825	2.75116e-42
6.7875	2.75608e-42
6.7925	2.76101e-42
6.7975	2.76594e-42
6.8025	2.77088e-42
6.8075	2.77582e-42
6.8125	2.78076e-42
6.8175	2.78571e-42
6.8225	2.79066e-42
6.8275	2.79562e-42
6.8325	2.80058e-42
6.8375	2.80554e-42
6.8425	2.81051e-42
6.8475	2.81548e-42
6.8525	2.82046e-42
6.8575	2.82544e-42
6.8625	2.83043e-42
6.8675	2.83542e-42
6.8725	2.84041e-42
6.8775	2.84541e-42
6.8825	2.85041e-42
6.8875	2.85542e-42
6.8925	2.86043e-42
6.8975	2.86544e-42
6.9025	2.87046e-42
6.9075	2.87548e-42
6.9125	2.88051e-42
6.9175	2.88554e-42
6.9225	2.89058e-42
6.9275	2.89562e-42
6.9325	2.90066e-42
6.9375	2.90571e-42
6.9425	2.91076e-42
6.9475	2.91582e-42
6.9525	2.92088e-42
6.9575	2.92594e-42
6.9625	2.93101e-42
6.9675	2.93608e-42
6.9725	2.94116e-42
6.9775	2.94624e-42
6.9825	2.95133e-42
6.9875	2.95642e-42
6.9925	2.96151e-42
6.9975	2.96661e-42
7.0025	2.97171e-42
7.0075	2.97682e-42
7.0125	2.98193e-42
7.0175	2.98704e-42
7.0225	2.99216e-42
7.0275	2.99728e-42
7.0325	3.00241e-42
7.0375	3.00754e-42
7.0425	3.01268e-42
7.0475	3.01782e-42
7.0525	3.02296e-42
7.0575	3.02811e-42
7.0625	3.03326e-42
7.0675	3.03842e-42
7.0725	3.04358e-42
7.0775	3.04874e-42
7.0825	3.05391e-42
7.0875	3.05908e-42
7.0925	3.06426e-42
7.0975	3.06944e-42
7.1025	3.07462e-42
7.1075	3.07981e-42
7.1125	3.08501e-42
7.1175	3.09021e-42
7.1225	3.09541e-42
7.1275	3.10061e-42
7.1325	3.10582e-42
7.1375	3.11104e-42
7.1425	3.11626e-42
7.1475	3.12148e-42
7.1525	3.1267e-42
7.1575	3.13194e-42
7.1625	3.13717e-42
7.1675	3.14241e-42
7.1725	3.14765e-42
7.1775	3.1529e-42
7.1825	3.15815e-42
7.1875	3.16341e-42
7.1925	3.16867e-42
7.1975	3.17393e-42
7.2025	3.1792e-42
7.2075	3.18447e-42
7.2125	3.18975e-42
7.2175	3.19503e-42
7.2225	3.20031e-42
7.2275	3.2056e-42
7.2325	3.21089e-42
7.2375	3.21619e-42
7.2425	3.22149e-42
7.2475	3.2268e-42
7.2525	3.23211e-42
7.2575	3.23742e-42
7.2625	3.24274e-42
7.2675	3.24806e-42
7.2725	3.25339e-42
7.2775	3.25872e-42
7.2825	3.26405e-42
7.2875	3.26939e-42
7.2925	3.27473e-42
7.2975	3.28008e-42
7.3025	3.28543e-42
7.3075	3.29078e-42
7.3125	3.29614e-42
7.3175	3.30151e-42
7.3225	3.30687e-42
7.3275	3.31225e-42
7.3325	3.31762e-42
7.3375	3.323e-42
7.3425	3.32838e-42
7.3475	3.33377e-42
7.3525	3.33916e-42
7.3575	3.34456e-42
7.3625	3.34996e-42
7.3675	3.35536e-42
7.3725	3.36077e-42
7.3775	3.36619e-42
7.3825	3.3716e-42
7.3875	3.37702e-42
7.3925	3.38245e-42
7.3975	3.38788e-42
7.4025	3.39331e-42
7.4075	3.39875e-42
7.4125	3.40419e-42
7.4175	3.40964e-42
7.4225	3.41509e-42
7.4275	3.42054e-42
7.4325	3.426e-42
7.4375	3.43146e-42
7.4425	3.43693e-42
7.4475	3.4424e-42
7.4525	3.44787e-42
7.4575	3.45335e-42
7.4625	3.45883e-42
7.4675	3.46432e-42
7.4725	3.46981e-42
7.4775	3.4753e-42
7.4825	3.4808e-42
7.4875	3.48631e-42
7.4925	3.49181e-42
7.4975	3.49733e-42
7.5025	3.50284e-42
7.5075	3.50836e-42
7.5125	3.51388e-42
7.5175	3.51941e-42
7.5225	3.52494e-42
7.5275	3.53048e-42
7.5325	3.53602e-42
7.5375	3.54156e-42
7.5425	3.54711e-42
7.5475	3.55267e-42
7.5525	3.55822e-42
7.5575	3.56378e-42
7.5625	3.56935e-42
7.5675	3.57492e-42
7.5725	3.58049e-42
7.5775	3.58607e-42
7.5825	3.59165e-42
7.5875	3.59723e-42
7.5925	3.60282e-42
7.5975	3.60842e-42
7.6025	3.61401e-42
7.6075	3.61962e-42
7.6125	3.62522e-42
7.6175	3.63083e-42
7.6225	3.63645e-42
7.6275	3.64206e-42
7.6325	3.64769e-42
7.6375	3.65331e-42
7.6425	3.65894e-42
7.6475	3.66458e-42
7.6525	3.67022e-42
7.6575	3.67586e-42
7.6625	3.68151e-42
7.6675	3.68716e-42
7.6725	3.69281e-42
7.6775	3.69847e-42
7.6825	3.70413e-42
7.6875	3.7098e-42
7.6925	3.71547e-42
7.6975	3.72115e-42
7.7025	3.72683e-42
7.7075	3.73251e-42
7.7125	3.7382e-42
7.7175	3.74389e-42
7.7225	3.74959e-42
7.7275	3.75529e-42
7.7325	3.76099e-42
7.7375	3.7667e-42
7.7425	3.77241e-42
7.7475	3.77813e-42
7.7525	3.78385e-42
7.7575	3.78957e-42
7.7625	3.7953e-42
7.7675	3.80103e-42
7.7725	3.80677e-42
7.7775	3.81251e-42
7.7825	3.81825e-42
7.7875	3.824e-42
7.7925	3.82976e-42
7.7975	3.83551e-42
7.8025	3.84127e-42
7.8075	3.84704e-42
7.8125	3.85281e-42
7.8175	3.85858e-42
7.8225	3.86436e-42
7.8275	3.87014e-42
7.8325	3.87593e-42
7.8375	3.88172e-42
7.8425	3.88751e-42
7.8475	3.89331e-42
7.8525	3.89911e-42
7.8575	3.90492e-42
7.8625	3.91073e-42
7.8675	3.91654e-42
7.8725	3.92236e-42
7.8775	3.92818e-42
7.8825	3.93401e-42
7.8875	3.93984e-42
7.8925	3.94567e-42
7.8975	3.95151e-42
7.9025	3.95735e-42
7.9075	3.9632e-42
7.9125	3.96905e-42
7.9175	3.97491e-42
7.9225	3.98077e-42
7.9275	3.98663e-42
7.9325	3.9925e-42
7.9375	3.99837e-42
7.9425	4.00424e-42
7.9475	4.01012e-42
7.9525	4.01601e-42
7.9575	4.02189e-42
7.9625	4.02778e-42
7.9675	4.03368e-42
7.9725	4.03958e-42
7.9775	4.04548e-42
7.9825	4.05139e-42
7.9875	4.0573e-42
7.9925	4.06322e-42
7.9975	4.06914e-42
8.0025	4.07506e-42
8.0075	4.08099e-42
8.0125	4.08692e-42
8.0175	4.09286e-42
8.0225	4.0988e-42
8.0275	4.10474e-42
8.0325	4.11069e-42
8.0375	4.11664e-42
8.0425	4.1226e-42
8.0475	4.12856e-42
8.0525	4.13452e-42
8.0575	4.14049e-42
8.0625	4.14647e-42
8.0675	4.15244e-42
8.0725	4.15842e-42
8.0775	4.16441e-42
8.0825	4.1704e-42
8.0875	4.17639e-42
8.0925	4.18239e-42
8.0975	4.18839e-42
8.1025	4.19439e-42
8.1075	4.2004e-42
8.1125	4.20641e-42
8.1175	4.21243e-42
8.1225	4.21845e-42
8.1275	4.22448e-42
8.1325	4.23051e-42
8.1375	4.23654e-42
8.1425	4.24258e-42
8.1475	4.24862e-42
8.1525	4.25467e-42
8.1575	4.26072e-42
8.1625	4.26677e-42
8.1675	4.27283e-42
8.1725	4.27889e-42
8.1775	4.28495e-42
8.1825	4.29102e-42
8.1875	4.2971e-42
8.1925	4.30318e-42
8.1975	4.30926e-42
8.2025	4.31534e-42
8.2075	4.32143e-42
8.2125	4.32753e-42
8.2175	4.33362e-42
8.2225	4.33973e-42
8.2275	4.34583e-42
8.2325	4.35194e-42
8.2375	4.35806e-42
8.2425	4.36418e-42
8.2475	4.3703e-42
8.2525	4.37642e-42
8.2575	4.38255e-42
8.2625	4.38869e-42
8.2675	4.39483e-42
8.2725	4.40097e-42
8.2775	4.40712e-42
8.2825	4.41327e-42
8.2875	4.41942e-42
8.2925	4.42558e-42
8.2975	4.43174e-42
8.3025	4.43791e-42
8.3075	4.44408e-42
8.3125	4.45025e-42
8.3175	4.45643e-42
8.3225	4.46262e-42
8.3275	4.4688e-42
8.3325	4.47499e-42
8.3375	4.48119e-42
8.3425	4.48739e-42
8.3475	4.49359e-42
8.3525	4.4998e-42
8.3575	4.50601e-42
8.3625	4.51222e-42
8.3675	4.51844e-42
8.3725	4.52466e-42
8.3775	4.53089e-42
8.3825	4.53712e-42
8.3875	4.54336e-42
8.3925	4.5496e-42
8.3975	4.55584e-42
8.4025	4.56209e-42
8.4075	4.56834e-42
8.4125	4.57459e-42
8.4175	4.58085e-42
8.4225	4.58711e-42
8.4275	4.59338e-42
8.4325	4.59965e-42
8.4375	4.60593e-42
8.4425	4.61221e-42
8.4475	4.61849e-42
8.4525	4.62478e-42
8.4575	4.63107e-42
8.4625	4.63736e-42
8.4675	4.64366e-42
8.4725	4.64997e-42
8.4775	4.65627e-42
8.4825	4.66258e-42
8.4875	4.6689e-42
8.4925	4.67522e-42
8.4975	4.68154e-42
8.5025	4.68787e-42
8.5075	4.6942e-42
8.5125	4.70054e-42
8.5175	4.70688e-42
8.5225	4.71322e-42
8.5275	4.71957e-42
8.5325	4.72592e-42
8.5375	4.73227e-42
8.5425	4.73863e-42
8.5475	4.745e-42
8.5525	4.75136e-42
8.5575	4.75774e-42
8.5625	4.76411e-42
8.5675	4.77049e-42
8.5725	4.77687e-42
8.5775	4.78326e-42
8.5825	4.78965e-42
8.5875	4.79605e-42
8.5925	4.80245e-42
8.5975	4.80885e-42
8.6025	4.81526e-42
8.6075	4.82167e-42
8.6125	4.82809e-42
8.6175	4.8345e-42
8.6225	4.84093e-42
8.6275	4.84736e-42
8.6325	4.85379e-42
8.6375	4.86022e-42
8.6425	4.86666e-42
8.6475	4.87311e-42
8.6525	4.87955e-42
8.6575	4.886e-42
8.6625	4.89246e-42
8.6675	4.89892e-42
8.6725	4.90538e-42
8.6775	4.91185e-42
8.6825	4.91832e-42
8.6875	4.9248e-42
8.6925	4.93128e-42
8.6975	4.93776e-42
8.7025	4.94425e-42
8.7075	4.95074e-42
8.7125	4.95723e-42
8.7175	4.96373e-42
8.7225	4.97024e-42
8.7275	4.97674e-42
8.7325	4.98325e-42
8.7375	4.98977e-42
8.7425	4.99629e-42
8.7475	5.00281e-42
8.7525	5.00934e-42
8.7575	5.01587e-42
8.7625	5.0224e-42
8.7675	5.02894e-42
8.7725	5.03549e-42
8.7775	5.04203e-42
8.7825	5.04859e-42
8.7875	5.05514e-42
8.7925	5.0617e-42
8.7975	5.06826e-42
8.8025	5.07483e-42
8.8075	5.0814e-42
8.8125	5.08798e-42
8.8175	5.09455e-42
8.8225	5.10114e-42
8.8275	5.10772e-42
8.8325	5.11431e-42
8.8375	5.12091e-42
8.8425	5.12751e-42
8.8475	5.13411e-42
8.8525	5.14072e-42
8.8575	5.14733e-42
8.8625	5.15394e-42
8.8675	5.16056e-42
8.8725	5.16718e-42
8.8775	5.17381e-42
8.8825	5.18044e-42
8.8875	5.18708e-42
8.8925	5.19372e-42
8.8975	5.20036e-42
8.9025	5.207e-42
8.9075	5.21365e-42
8.9125	5.22031e-42
8.9175	5.22697e-42
8.9225	5.23363e-42
8.9275	5.2403e-42
8.9325	5.24697e-42
8.9375	5.25364e-42
8.9425	5.26032e-42
8.9475	5.267e-42
8.9525	5.27369e-42
8.9575	5.28038e-42
8.9625	5.28707e-42
8.9675	5.29377e-42
8.9725	5.30047e-42
8.9775	5.30718e-42
8.9825	5.31389e-42
8.9875	5.3206e-42
8.9925	5.32732e-42
8.9975	5.33404e-42
9.0025	5.34077e-42
9.0075	5.3475e-42
9.0125	5.35423e-42
9.0175	5.36097e-42
9.0225	5.36771e-42
9.0275	5.37446e-42
9.0325	5.3812e-42
9.0375	5.38796e-42
9.0425	5.39472e-42
9.0475	5.40148e-42
9.0525	5.40824e-42
9.0575	5.41501e-42
9.0625	5.42178e-42
9.0675	5.42856e-42
9.0725	5.43534e-42
9.0775	5.44213e-42
9.0825	5.44892e-42
9.0875	5.45571e-42
9.0925	5.46251e-42
9.0975	5.46931e-42
9.1025	5.47611e-42
9.1075	5.48292e-42
9.1125	5.48973e-42
9.1175	5.49655e-42
9.1225	5.50337e-42
9.1275	5.5102e-42
9.1325	5.51703e-42
9.1375	5.52386e-42
9.1425	5.53069e-42
9.1475	5.53753e-42
9.1525	5.54438e-42
9.1575	5.55123e-42
9.1625	5.55808e-42
9.1675	5.56494e-42
9.1725	5.5718e-42
9.1775	5.57866e-42
9.1825	5.58553e-42
9.1875	5.5924e-42
9.1925	5.59928e-42
9.1975	5.60616e-42
9.2025	5.61304e-42
9.2075	5.61993e-42
9.2125	5.62682e-42
9.2175	5.63371e-42
9.2225	5.64061e-42
9.2275	5.64752e-42
9.2325	5.65442e-42
9.2375	5.66134e-42
9.2425	5.66825e-42
9.2475	5.67517e-42
9.2525	5.68209e-42
9.2575	5.68902e-42
9.2625	5.69595e-42
9.2675	5.70289e-42
9.2725	5.70983e-42
9.2775	5.71677e-42
9.2825	5.72372e-42
9.2875	5.73067e-42
9.2925	5.73762e-42
9.2975	5.74458e-42
9.3025	5.75154e-42
9.3075	5.75851e-42
9.3125	5.76548e-42
9.3175	5.77245e-42
9.3225	5.77943e-42
9.3275	5.78641e-42
9.3325	5.7934e-42
9.3375	5.80039e-42
9.3425	5.80738e-42
9.3475	5.81438e-42
9.3525	5.82138e-42
9.3575	5.82839e-42
9.3625	5.8354e-42
9.3675	5.84241e-42
9.3725	5.84943e-42
9.3775	5.85645e-42
9.3825	5.86348e-42
9.3875	5.8705e-42
9.3925	5.87754e-42
9.3975	5.88457e-42
9.4025	5.89162e-42
9.4075	5.89866e-42
9.4125	5.90571e-42
9.4175	5.91276e-42
9.4225	5.91982e-42
9.4275	5.92688e-42
9.4325	5.93394e-42
9.4375	5.94101e-42
9.4425	5.94808e-42
9.4475	5.95516e-42
9.4525	5.96224e-42
9.4575	5.96933e-42
9.4625	5.97641e-42
9.4675	5.9835e-42
9.4725	5.9906e-42
9.4775	5.9977e-42
9.4825	6.0048e-42
9.4875	6.01191e-42
9.4925	6.01902e-42
9.4975	6.02614e-42
9.5025	6.03326e-42
9.5075	6.04038e-42
9.5125	6.04751e-42
9.5175	6.05464e-42
9.5225	6.06177e-42
9.5275	6.06891e-42
9.5325	6.07606e-42
9.5375	6.0832e-42
9.5425	6.09035e-42
9.5475	6.09751e-42
9.5525	6.10467e-42
9.5575	6.11183e-42
9.5625	6.11899e-42
9.5675	6.12616e-42
9.5725	6.13334e-42
9.5775	6.14052e-42
9.5825	6.1477e-42
9.5875	6.15488e-42
9.5925	6.16207e-42
9.5975	6.16927e-42
9.6025	6.17646e-42
9.6075	6.18367e-42
9.6125	6.19087e-42
9.6175	6.19808e-42
9.6225	6.20529e-42
9.6275	6.21251e-42
9.6325	6.21973e-42
9.6375	6.22696e-42
9.6425	6.23418e-42
9.6475	6.24142e-42
9.6525	6.24865e-42
9.6575	6.25589e-42
9.6625	6.26314e-42
9.6675	6.27039e-42
9.6725	6.27764e-42
9.6775	6.28489e-42
9.6825	6.29215e-42
9.6875	6.29942e-42
9.6925	6.30668e-42
9.6975	6.31396e-42
9.7025	6.32123e-42
9.7075	6.32851e-42
9.7125	6.33579e-42
9.7175	6.34308e-42
9.7225	6.35037e-42
9.7275	6.35767e-42
9.7325	6.36496e-42
9.7375	6.37227e-42
9.7425	6.37957e-42
9.7475	6.38688e-42
9.7525	6.3942e-42
9.7575	6.40152e-42
9.7625	6.40884e-42
9.7675	6.41616e-42
9.7725	6.42349e-42
9.7775	6.43083e-42
9.7825	6.43817e-42
9.7875	6.44551e-42
9.7925	6.45285e-42
9.7975	6.4602e-42
9.8025	6.46755e-42
9.8075	6.47491e-42
9.8125	6.48227e-42
9.8175	6.48964e-42
9.8225	6.49701e-42
9.8275	6.50438e-42
9.8325	6.51175e-42
9.8375	6.51913e-42
9.8425	6.52652e-42
9.8475	6.53391e-42
9.8525	6.5413e-42
9.8575	6.54869e-42
9.8625	6.55609e-42
9.8675	6.5635e-42
9.8725	6.5709e-42
9.8775	6.57832e-42
9.8825	6.58573e-42
9.8875	6.59315e-42
9.8925	6.60057e-42
9.8975	6.608e-42
9.9025	6.61543e-42
9.9075	6.62286e-42
9.9125	6.6303e-42
9.9175	6.63774e-42
9.9225	6.64519e-42
9.9275	6.65264e-42
9.9325	6.66009e-42
9.9375	6.66755e-42
9.9425	6.67501e-42
9.9475	6.68248e-42
9.9525	6.68995e-42
9.9575	6.69742e-42
9.9625	6.7049e-42
9.9675	6.71238e-42
9.9725	6.71986e-42
9.9775	6.72735e-42
9.9825	6.73485e-42
9.9875	6.74234e-42
9.9925	6.74984e-42
9.9975	6.75735e-42
10.0025	6.76485e-42
10.0075	6.77237e-42
10.0125	6.77988e-42
10.0175	6.7874e-42
10.0225	6.79492e-42
10.0275	6.80245e-42
10.0325	6.80998e-42
10.0375	6.81752e-42
10.0425	6.82506e-42
10.0475	6.8326e-42
10.0525	6.84015e-42
10.0575	6.8477e-42
10.0625	6.85525e-42
10.0675	6.86281e-42
10.0725	6.87037e-42
10.0775	6.87794e-42
10.0825	6.88551e-42
10.0875	6.89308e-42
10.0925	6.90066e-42
10.0975	6.90824e-42
10.1025	6.91582e-42
10.1075	6.92341e-42
10.1125	6.93101e-42
10.1175	6.9386e-42
10.1225	6.9462e-42
10.1275	6.95381e-42
10.1325	6.96141e-42
10.1375	6.96903e-42
10.1425	6.97664e-42
10.1475	6.98426e-42
10.1525	6.99189e-42
10.1575	6.99951e-42
10.1625	7.00714e-42
10.1675	7.01478e-42
10.1725	7.02242e-42
10.1775	7.03006e-42
10.1825	7.03771e-42
10.1875	7.04536e-42
10.1925	7.05301e-42
10.1975	7.06067e-42
10.2025	7.06833e-42
10.2075	7.076e-42
10.2125	7.08367e-42
10.2175	7.09134e-42
10.2225	7.09902e-42
10.2275	7.1067e-42
10.2325	7.11439e-42
10.2375	7.12208e-42
10.2425	7.12977e-42
10.2475	7.13746e-42
10.2525	7.14517e-42
10.2575	7.15287e-42
10.2625	7.16058e-42
10.2675	7.16829e-42
10.2725	7.17601e-42
10.2775	7.18373e-42
10.2825	7.19145e-42
10.2875	7.19918e-42
10.2925	7.20691e-42
10.2975	7.21464e-42
10.3025	7.22238e-42
10.3075	7.23012e-42
10.3125	7.23787e-42
10.3175	7.24562e-42
10.3225	7.25337e-42
10.3275	7.26113e-42
10.3325	7.26889e-42
10.3375	7.27666e-42
10.3425	7.28443e-42
10.3475	7.2922e-42
10.3525	7.29998e-42
10.3575	7.30776e-42
10.3625	7.31555e-42
10.3675	7.32333e-42
10.3725	7.33113e-42
10.3775	7.33892e-42
10.3825	7.34672e-42
10.3875	7.35453e-42
10.3925	7.36233e-42
10.3975	7.37015e-42
10.4025	7.37796e-42
10.4075	7.38578e-42
10.4125	7.3936e-42
10.4175	7.40143e-42
10.4225	7.40926e-42
10.4275	7.4171e-42
10.4325	7.42493e-42
10.4375	7.43278e-42
10.4425	7.44062e-42
10.4475	7.44847e-42
10.4525	7.45633e-42
10.4575	7.46418e-42
10.4625	7.47204e-42
10.4675	7.47991e-42
10.4725	7.48778e-42
10.4775	7.49565e-42
10.4825	7.50353e-42
10.4875	7.51141e-42
10.4925	7.51929e-42
10.4975	7.52718e-42
10.5025	7.53507e-42
10.5075	7.54297e-42
10.5125	7.55087e-42
10.5175	7.55877e-42
10.5225	7.56668e-42
10.5275	7.57459e-42
10.5325	7.5825e-42
10.5375	7.59042e-42
10.5425	7.59834e-42
10.5475	7.60627e-42
10.5525	7.6142e-42
10.5575	7.62213e-42
10.5625	7.63007e-42
10.5675	7.63801e-42
10.5725	7.64596e-42
10.5775	7.65391e-42
10.5825	7.66186e-42
10.5875	7.66981e-42
10.5925	7.67777e-42
10.5975	7.68574e-42
10.6025	7.69371e-42
10.6075	7.70168e-42
10.6125	7.70965e-42
10.6175	7.71763e-42
10.6225	7.72562e-42
10.6275	7.7336e-42
10.6325	7.74159e-42
10.6375	7.74959e-42
10.6425	7.75759e-42
10.6475	7.76559e-42
10.6525	7.7736e-42
10.6575	7.78161e-42
10.6625	7.78962e-42
10.6675	7.79764e-42
10.6725	7.80566e-42
10.6775	7.81368e-42
10.6825	7.82171e-42
10.6875	7.82974e-42
10.6925	7.83778e-42
10.6975	7.84582e-42
10.7025	7.85386e-42
10.7075	7.86191e-42
10.7125	7.86996e-42
10.7175	7.87802e-42
10.7225	7.88608e-42
10.7275	7.89414e-42
10.7325	7.90221e-42
10.7375	7.91028e-42
10.7425	7.91835e-42
10.7475	7.92643e-42
10.7525	7.93451e-42
10.7575	7.9426e-42
10.7625	7.95069e-42
10.7675	7.95878e-42
10.7725	7.96688e-42
10.7775	7.97498e-42
10.7825	7.98308e-42
10.7875	7.99119e-42
10.7925	7.9993e-42
10.7975	8.00742e-42
10.8025	8.01554e-42
10.8075	8.02366e-42
10.8125	8.03179e-42
10.8175	8.03992e-42
10.8225	8.04806e-42
10.8275	8.0562e-42
10.8325	8.06434e-42
10.8375	8.07248e-42
10.8425	8.08063e-42
10.8475	8.08879e-42
10.8525	8.09695e-42
10.8575	8.10511e-42
10.8625	8.11327e-42
10.8675	8.12144e-42
10.8725	8.12961e-42
10.8775	8.13779e-42
10.8825	8.14597e-42
10.8875	8.15415e-42
10.8925	8.16234e-42
10.8975	8.17053e-42
10.9025	8.17873e-42
10.9075	8.18693e-42
10.9125	8.19513e-42
10.9175	8.20334e-42
10.9225	8.21155e-42
10.9275	8.21976e-42
10.9325	8.22798e-42
10.9375	8.2362e-42
10.9425	8.24443e-42
10.9475	8.25266e-42
10.9525	8.26089e-42
10.9575	8.26913e-42
10.9625	8.27737e-42
10.9675	8.28561e-42
10.9725	8.29386e-42
10.9775	8.30211e-42
10.9825	8.31037e-42
10.9875	8.31863e-42
10.9925	8.32689e-42
10.9975	8.33516e-42
11.0025	8.34343e-42
11.0075	8.3517e-42
11.0125	8.35998e-42
11.0175	8.36826e-42
11.0225	8.37655e-42
11.0275	8.38484e-42
11.0325	8.39313e-42
11.0375	8.40143e-42
11.0425	8.40973e-42
11.0475	8.41804e-42
11.0525	8.42634e-42
11.0575	8.43466e-42
11.0625	8.44297e-42
11.0675	8.45129e-42
11.0725	8.45962e-42
11.0775	8.46794e-42
11.0825	8.47627e-42
11.0875	8.48461e-42
11.0925	8.49295e-42
11.0975	8.50129e-42
11.1025	8.50964e-42
11.1075	8.51799e-42
11.1125	8.52634e-42
11.1175	8.5347e-42
11.1225	8.54306e-42
11.1275	8.55142e-42
11.1325	8.55979e-42
11.1375	8.56816e-42
11.1425	8.57654e-42
11.1475	8.58492e-42
11.1525	8.5933e-42
11.1575	8.60169e-42
11.1625	8.61008e-42
11.1675	8.61848e-42
11.1725	8.62688e-42
11.1775	8.63528e-42
11.1825	8.64368e-42
11.1875	8.65209e-42
11.1925	8.66051e-42
11.1975	8.66892e-42
11.2025	8.67735e-42
11.2075	8.68577e-42
11.2125	8.6942e-42
11.2175	8.70263e-42
11.2225	8.71107e-42
11.2275	8.71951e-42
11.2325	8.72795e-42
11.2375	8.7364e-42
11.2425	8.74485e-42
11.2475	8.7533e-42
11.2525	8.76176e-42
11.2575	8.77022e-42
11.2625	8.77869e-42
11.2675	8.78716e-42
11.2725	8.79563e-42
11.2775	8.80411e-42
11.2825	8.81259e-42
11.2875	8.82108e-42
11.2925	8.82957e-42
11.2975	8.83806e-42
11.3025	8.84655e-42
11.3075	8.85505e-42
11.3125	8.86356e-42
11.3175	8.87206e-42
11.3225	8.88058e-42
11.3275	8.88909e-42
11.3325	8.89761e-42
11.3375	8.90613e-42
11.3425	8.91466e-42
11.3475	8.92319e-42
11.3525	8.93172e-42
11.3575	8.94026e-42
11.3625	8.9488e-42
11.3675	8.95734e-42
11.3725	8.96589e-42
11.3775	8.97444e-42
11.3825	8.983e-42
11.3875	8.99156e-42
11.3925	9.00012e-42
11.3975	9.00869e-42
11.4025	9.01726e-42
11.4075	9.02583e-42
11.4125	9.03441e-42
11.4175	9.04299e-42
11.4225	9.05158e-42
11.4275	9.06017e-42
11.4325	9.06876e-42
11.4375	9.07736e-42
11.4425	9.08596e-42
11.4475	9.09456e-42
11.4525	9.10317e-42
11.4575	9.11178e-42
11.4625	9.1204e-42
11.4675	9.12902e-42
11.4725	9.13764e-42
11.4775	9.14626e-42
11.4825	9.1549e-42
11.4875	9.16353e-42
11.4925	9.17217e-42
11.4975	9.18081e-42
11.5025	9.18945e-42
11.5075	9.1981e-42
11.5125	9.20675e-42
11.5175	9.21541e-42
11.5225	9.22407e-42
11.5275	9.23273e-42
11.5325	9.2414e-42
11.5375	9.25007e-42
11.5425	9.25875e-42
11.5475	9.26743e-42
11.5525	9.27611e-42
11.5575	9.2848e-42
11.5625	9.29348e-42
11.5675	9.30218e-42
11.5725	9.31088e-42
11.5775	9.31958e-42
11.5825	9.32828e-42
11.5875	9.33699e-42
11.5925	9.3457e-42
11.5975	9.35442e-42
11.6025	9.36314e-42
11.6075	9.37186e-42
11.6125	9.38059e-42
11.6175	9.38932e-42
11.6225	9.39805e-42
11.6275	9.40679e-42
11.6325	9.41553e-42
11.6375	9.42428e-42
11.6425	9.43303e-42
11.6475	9.44178e-42
11.6525	9.45053e-42
11.6575	9.45929e-42
11.6625	9.46806e-42
11.6675	9.47683e-42
11.6725	9.4856e-42
11.6775	9.49437e-42
11.6825	9.50315e-42
11.6875	9.51193e-42
11.6925	9.52072e-42
11.6975	9.52951e-42
11.7025	9.5383e-42
11.7075	9.5471e-42
11.7125	9.5559e-42
11.7175	9.56471e-42
11.7225	9.57351e-42
11.7275	9.58233e-42
11.7325	9.59114e-42
11.7375	9.59996e-42
11.7425	9.60879e-42
11.7475	9.61761e-42
11.7525	9.62644e-42
11.7575	9.63528e-42
11.7625	9.64411e-42
11.7675	9.65296e-42
11.7725	9.6618e-42
11.7775	9.67065e-42
11.7825	9.6795e-42
11.7875	9.68836e-42
11.7925	9.69722e-42
11.7975	9.70608e-42
11.8025	9.71495e-42
11.8075	9.72382e-42
11.8125	9.7327e-42
11.8175	9.74158e-42
11.8225	9.75046e-42
11.8275	9.75934e-42
11.8325	9.76823e-42
11.8375	9.77713e-42
11.8425	9.78602e-42
11.8475	9.79492e-42
11.8525	9.80383e-42
11.8575	9.81274e-42
11.8625	9.82165e-42
11.8675	9.83056e-42
11.8725	9.83948e-42
11.8775	9.84841e-42
11.8825	9.85733e-42
11.8875	9.86626e-42
11.8925	9.8752e-42
11.8975	9.88413e-42
11.9025	9.89308e-42
11.9075	9.90202e-42
11.9125	9.91097e-42
11.9175	9.91992e-42
11.9225	9.92888e-42
11.9275	9.93784e-42
11.9325	9.9468e-42
11.9375	9.95577e-42
11.9425	9.96474e-42
11.9475	9.97371e-42
11.9525	9.98269e-42
11.9575	9.99167e-42
11.9625	1.00007e-41
11.9675	1.00096e-41
11.9725	1.00186e-41
11.9775	1.00276e-41
11.9825	1.00366e-41
11.9875	1.00456e-41
11.9925	1.00546e-41
11.9975	1.00637e-41
12.0025	1.00727e-41
12.0075	1.00817e-41
12.0125	1.00907e-41
12.0175	1.00997e-41
12.0225	1.01088e-41
12.0275	1.01178e-41
12.0325	1.01268e-41
12.0375	1.01359e-41
12.0425	1.01449e-41
12.0475	1.0154e-41
12.0525	1.0163e-41
12.0575	1.01721e-41
12.0625	1.01811e-41
12.0675	1.01902e-41
12.0725	1.01993e-41
12.0775	1.02083e-41
12.0825	1.02174e-41
12.0875	1.02265e-41
12.0925	1.02356e-41
12.0975	1.02446e-41
12.1025	1.02537e-41
12.1075	1.02628e-41
12.1125	1.02719e-41
12.1175	1.0281e-41
12.1225	1.02901e-41
12.1275	1.02992e-41
12.1325	1.03083e-41
12.1375	1.03175e-41
12.1425	1.03266e-41
12.1475	1.03357e-41
12.1525	1.03448e-41
12.1575	1.03539e-41
12.1625	1.03631e-41
12.1675	1.03722e-41
12.1725	1.03814e-41
12.1775	1.03905e-41
12.1825	1.03996e-41
12.1875	1.04088e-41
12.1925	1.0418e-41
12.1975	1.04271e-41
12.2025	1.04363e-41
12.2075	1.04454e-41
12.2125	1.04546e-41
12.2175	1.04638e-41
12.2225	1.0473e-41
12.2275	1.04821e-41
12.2325	1.04913e-41
12.2375	1.05005e-41
12.2425	1.05097e-41
12.2475	1.05189e-41
12.2525	1.05281e-41
12.2575	1.05373e-41
12.2625	1.05465e-41
12.2675	1.05557e-41
12.2725	1.05649e-41
12.2775	1.05741e-41
12.2825	1.05833e-41
12.2875	1.05926e-41
12.2925	1.06018e-41
12.2975	1.0611e-41
12.3025	1.06203e-41
12.3075	1.06295e-41
12.3125	1.06387e-41
12.3175	1.0648e-41
12.3225	1.06572e-41
12.3275	1.06665e-41
12.3325	1.06757e-41
12.3375	1.0685e-41
12.3425	1.06943e-41
12.3475	1.07035e-41
12.3525	1.07128e-41
12.3575	1.07221e-41
12.3625	1.07314e-41
12.3675	1.07406e-41
12.3725	1.07499e-41
12.3775	1.07592e-41
12.3825	1.07685e-41
12.3875	1.07778e-41
12.3925	1.07871e-41
12.3975	1.07964e-41
12.4025	1.08057e-41
12.4075	1.0815e-41
12.4125	1.08243e-41
12.4175	1.08337e-41
12.4225	1.0843e-41
12.4275	1.08523e-41
12.4325	1.08616e-41
12.4375	1.0871e-41
12.4425	1.08803e-41
12.4475	1.08896e-41
12.4525	1.0899e-41
12.4575	1.09083e-41
12.4625	1.09177e-41
12.4675	1.0927e-41
12.4725	1.09364e-41
12.4775	1.09458e-41
12.4825	1.09551e-41
12.4875	1.09645e-41
12.4925	1.09739e-41
12.4975	1.09832e-41
12.5025	1.09926e-41
12.5075	1.1002e-41
12.5125	1.10114e-41
12.5175	1.10208e-41
12.5225	1.10302e-41
12.5275	1.10396e-41
12.5325	1.1049e-41
12.5375	1.10584e-41
12.5425	1.10678e-41
12.5475	1.10772e-41
12.5525	1.10866e-41
12.5575	1.1096e-41
12.5625	1.11055e-41
12.5675	1.11149e-41
12.5725	1.11243e-41
12.5775	1.11338e-41
12.5825	1.11432e-41
12.5875	1.11526e-41
12.5925	1.11621e-41
12.5975	1.11715e-41
12.6025	1.1181e-41
12.6075	1.11904e-41
12.6125	1.11999e-41
12.6175	1.12094e-41
12.6225	1.12188e-41
12.6275	1.12283e-41
12.6325	1.12378e-41
12.6375	1.12472e-41
12.6425	1.12567e-41
12.6475	1.12662e-41
12.6525	1.12757e-41
12.6575	1.12852e-41
12.6625	1.12947e-41
12.6675	1.13042e-41
12.6725	1.13137e-41
12.6775	1.13232e-41
12.6825	1.13327e-41
12.6875	1.13422e-41
12.6925	1.13517e-41
12.6975	1.13613e-41
12.7025	1.13708e-41
12.7075	1.13803e-41
12.7125	1.13898e-41
12.7175	1.13994e-41
12.7225	1.14089e-41
12.7275	1.14185e-41
12.7325	1.1428e-41
12.7375	1.14376e-41
12.7425	1.14471e-41
12.7475	1.14567e-41
12.7525	1.14662e-41
12.7575	1.14758e-41
12.7625	1.14854e-41
12.7675	1.14949e-41
12.7725	1.15045e-41
12.7775	1.15141e-41
12.7825	1.15237e-41
12.7875	1.15332e-41
12.7925	1.15428e-41
12.7975	1.15524e-41
12.8025	1.1562e-41
12.8075	1.15716e-41
12.8125	1.15812e-41
12.8175	1.15908e-41
12.8225	1.16004e-41
12.8275	1.16101e-41
12.8325	1.16197e-41
12.8375	1.16293e-41
12.8425	1.16389e-41
12.8475	1.16486e-41
12.8525	1.16582e-41
12.8575	1.16678e-41
12.8625	1.16775e-41
12.8675	1.16871e-41
12.8725	1.16968e-41
12.8775	1.17064e-41
12.8825	1.17161e-41
12.8875	1.17257e-41
12.8925	1.17354e-41
12.8975	1.1745e-41
12.9025	1.17547e-41
12.9075	1.17644e-41
12.9125	1.17741e-41
12.9175	1.17837e-41
12.9225	1.17934e-41
12.9275	1.18031e-41
12.9325	1.18128e-41
12.9375	1.18225e-41
12.9425	1.18322e-41
12.9475	1.18419e-41
12.9525	1.18516e-41
12.9575	1.18613e-41
12.9625	1.1871e-41
12.9675	1.18807e-41
12.9725	1.18904e-41
12.9775	1.19002e-41
12.9825	1.19099e-41
12.9875	1.19196e-41
12.9925	1.19294e-41
12.9975	1.19391e-41
13.0025	1.19488e-41
13.0075	1.19586e-41
13.0125	1.19683e-41
13.0175	1.19781e-41
13.0225	1.19878e-41
13.0275	1.19976e-41
13.0325	1.20073e-41
13.0375	1.20171e-41
13.0425	1.20269e-41
13.0475	1.20367e-41
13.0525	1.20464e-41
13.0575	1.20562e-41
13.0625	1.2066e-41
13.0675	1.20758e-41
13.0725	1.20856e-41
13.0775	1.20954e-41
13.0825	1.21052e-41
13.0875	1.2115e-41
13.0925	1.21248e-41
13.0975	1.21346e-41
13.1025	1.21444e-41
13.1075	1.21542e-41
13.1125	1.2164e-41
13.1175	1.21738e-41
13.1225	1.21837e-41
13.1275	1.21935e-41
13.1325	1.22033e-41
13.1375	1.22132e-41
13.1425	1.2223e-41
13.1475	1.22329e-41
13.1525	1.22427e-41
13.1575	1.22526e-41
13.1625	1.22624e-41
13.1675	1.22723e-41
13.1725	1.22821e-41
13.1775	1.2292e-41
13.1825	1.23019e-41
13.1875	1.23117e-41
13.1925	1.23216e-41
13.1975	1.23315e-41
13.2025	1.23414e-41
13.2075	1.23513e-41
13.2125	1.23611e-41
13.2175	1.2371e-41
13.2225	1.23809e-41
13.2275	1.23908e-41
13.2325	1.24007e-41
13.2375	1.24107e-41
13.2425	1.24206e-41
13.2475	1.24305e-41
13.2525	1.24404e-41
13.2575	1.24503e-41
13.2625	1.24602e-41
13.2675	1.24702e-41
13.2725	1.24801e-41
13.2775	1.249e-41
13.2825	1.25e-41
13.2875	1.25099e-41
13.2925	1.25199e-41
13.2975	1.25298e-41
13.3025	1.25398e-41
13.3075	1.25497e-41
13.3125	1.25597e-41
13.3175	1.25697e-41
13.3225	1.25796e-41
13.3275	1.25896e-41
13.3325	1.25996e-41
13.3375	1.26096e-41
13.3425	1.26195e-41
13.3475	1.26295e-41
13.3525	1.26395e-41
13.3575	1.26495e-41
13.3625	1.26595e-41
13.3675	1.26695e-41
13.3725	1.26795e-41
13.3775	1.26895e-41
13.3825	1.26995e-41
13.3875	1.27095e-41
13.3925	1.27196e-41
13.3975	1.27296e-41
13.4025	1.27396e-41
13.4075	1.27496e-41
13.4125	1.27597e-41
13.4175	1.27697e-41
13.4225	1.27797e-41
13.4275	1.27898e-41
13.4325	1.27998e-41
13.4375	1.28099e-41
13.4425	1.28199e-41
13.4475	1.283e-41
13.4525	1.28401e-41
13.4575	1.28501e-41
13.4625	1.28602e-41
13.4675	1.28703e-41
13.4725	1.28803e-41
13.4775	1.28904e-41
13.4825	1.29005e-41
13.4875	1.29106e-41
13.4925	1.29207e-41
13.4975	1.29308e-41
13.5025	1.29409e-41
13.5075	1.2951e-41
13.5125	1.29611e-41
13.5175	1.29712e-41
13.5225	1.29813e-41
13.5275	1.29914e-41
13.5325	1.30015e-41
13.5375	1.30116e-41
13.5425	1.30217e-41
13.5475	1.30319e-41
13.5525	1.3042e-41
13.5575	1.30521e-41
13.5625	1.30623e-41
13.5675	1.30724e-41
13.5725	1.30826e-41
13.5775	1.30927e-41
13.5825	1.31029e-41
13.5875	1.3113e-41
13.5925	1.31232e-41
13.5975	1.31333e-41
13.6025	1.31435e-41
13.6075	1.31537e-41
13.6125	1.31639e-41
13.6175	1.3174e-41
13.6225	1.31842e-41
13.6275	1.31944e-41
13.6325	1.32046e-41
13.6375	1.32148e-41
13.6425	1.3225e-41
13.6475	1.32352e-41
13.6525	1.32454e-41
13.6575	1.32556e-41
13.6625	1.32658e-41
13.6675	1.3276e-41
13.6725	1.32862e-41
13.6775	1.32964e-41
13.6825	1.33067e-41
13.6875	1.33169e-41
13.6925	1.33271e-41
13.6975	1.33374e-41
13.7025	1.33476e-41
13.7075	1.33578e-41
13.7125	1.33681e-41
13.7175	1.33783e-41
13.7225	1.33886e-41
13.7275	1.33988e-41
13.7325	1.34091e-41
13.7375	1.34193e-41
13.7425	1.34296e-41
13.7475	1.34399e-41
13.7525	1.34502e-41
13.7575	1.34604e-41
13.7625	1.34707e-41
13.7675	1.3481e-41
13.7725	1.34913e-41
13.7775	1.35016e-41
13.7825	1.35119e-41
13.7875	1.35222e-41
13.7925	1.35325e-41
13.7975	1.35428e-41
13.8025	1.35531e-41
13.8075	1.35634e-41
13.8125	1.35737e-41
13.8175	1.3584e-41
13.8225	1.35943e-41
13.8275	1.36047e-41
13.8325	1.3615e-41
13.8375	1.36253e-41
13.8425	1.36357e-41
13.8475	1.3646e-41
13.8525	1.36563e-41
13.8575	1.36667e-41
13.8625	1.3677e-41
13.8675	1.36874e-41
13.8725	1.36977e-41
13.8775	1.37081e-41
13.8825	1.37185e-41
13.8875	1.37288e-41
13.8925	1.37392e-41
13.8975	1.37496e-41
13.9025	1.37599e-41
13.9075	1.37703e-41
13.9125	1.37807e-41
13.9175	1.37911e-41
13.9225	1.38015e-41
13.9275	1.38119e-41
13.9325	1.38223e-41
13.9375	1.38327e-41
13.9425	1.38431e-41
13.9475	1.38535e-41
13.9525	1.38639e-41
13.9575	1.38743e-41
13.9625	1.38848e-41
13.9675	1.38952e-41
13.9725	1.39056e-41
13.9775	1.3916e-41
13.9825	1.39265e-41
13.9875	1.39369e-41
13.9925	1.39473e-41
13.9975	1.39578e-41
14.0025	1.39682e-41
14.0075	1.39787e-41
14.0125	1.39891e-41
14.0175	1.39996e-41
14.0225	1.40101e-41
14.0275	1.40205e-41
14.0325	1.4031e-41
14.0375	1.40415e-41
14.0425	1.40519e-41
14.0475	1.40624e-41
14.0525	1.40729e-41
14.0575	1.40834e-41
14.0625	1.40939e-41
14.0675	1.41044e-41
14.0725	1.41149e-41
14.0775	1.41254e-41
14.0825	1.41359e-41
14.0875	1.41464e-41
14.0925	1.41569e-41
14.0975	1.41674e-41
14.1025	1.41779e-41
14.1075	1.41884e-41
14.1125	1.4199e-41
14.1175	1.42095e-41
14.1225	1.422e-41
14.1275	1.42305e-41
14.1325	1.42411e-41
14.1375	1.42516e-41
14.1425	1.42622e-41
14.1475	1.42727e-41
14.1525	1.42833e-41
14.1575	1.42938e-41
14.1625	1.43044e-41
14.1675	1.43149e-41
14.1725	1.43255e-41
14.1775	1.43361e-41
14.1825	1.43467e-41
14.1875	1.43572e-41
14.1925	1.43678e-41
14.1975	1.43784e-41
14.2025	1.4389e-41
14.2075	1.43996e-41
14.2125	1.44102e-41
14.2175	1.44208e-41
14.2225	1.44314e-41
14.2275	1.4442e-41
14.2325	1.44526e-41
14.2375	1.44632e-41
14.2425	1.44738e-41
14.2475	1.44844e-41
14.2525	1.4495e-41
14.2575	1.45057e-41
14.2625	1.45163e-41
14.2675	1.45269e-41
14.2725	1.45376e-41
14.2775	1.45482e-41
14.2825	1.45588e-41
14.2875	1.45695e-41
14.2925	1.45801e-41
14.2975	1.45908e-41
14.3025	1.46014e-41
14.3075	1.46121e-41
14.3125	1.46228e-41
14.3175	1.46334e-41
14.3225	1.46441e-41
14.3275	1.46548e-41
14.3325	1.46654e-41
14.3375	1.46761e-41
14.3425	1.46868e-41
14.3475	1.46975e-41
14.3525	1.47082e-41
14.3575	1.47189e-41
14.3625	1.47296e-41
14.3675	1.47403e-41
14.3725	1.4751e-41
14.3775	1.47617e-41
14.3825	1.47724e-41
14.3875	1.47831e-41
14.3925	1.47938e-41
14.3975	1.48046e-41
14.4025	1.48153e-41
14.4075	1.4826e-41
14.4125	1.48367e-41
14.4175	1.48475e-41
14.4225	1.48582e-41
14.4275	1.4869e-41
14.4325	1.48797e-41
14.4375	1.48905e-41
14.4425	1.49012e-41
14.4475	1.4912e-41
14.4525	1.49227e-41
14.4575	1.49335e-41
14.4625	1.49443e-41
14.4675	1.4955e-41
14.4725	1.49658e-41
14.4775	1.49766e-41
14.4825	1.49874e-41
14.4875	1.49981e-41
14.4925	1.50089e-41
14.4975	1.50197e-41
14.5025	1.50305e-41
14.5075	1.50413e-41
14.5125	1.50521e-41
14.5175	1.50629e-41
14.5225	1.50737e-41
14.5275	1.50845e-41
14.5325	1.50953e-41
14.5375	1.51062e-41
14.5425	1.5117e-41
14.5475	1.51278e-41
14.5525	1.51386e-41
14.5575	1.51495e-41
14.5625	1.51603e-41
14.5675	1.51711e-41
14.5725	1.5182e-41
14.5775	1.51928e-41
14.5825	1.52037e-41
14.5875	1.52145e-41
14.5925	1.52254e-41
14.5975	1.52363e-41
14.6025	1.52471e-41
14.6075	1.5258e-41
14.6125	1.52689e-41
14.6175	1.52797e-41
14.6225	1.52906e-41
14.6275	1.53015e-41
14.6325	1.53124e-41
14.6375	1.53233e-41
14.6425	1.53341e-41
14.6475	1.5345e-41
14.6525	1.53559e-41
14.6575	1.53668e-41
14.6625	1.53777e-41
14.6675	1.53886e-41
14.6725	1.53996e-41
14.6775	1.54105e-41
14.6825	1.54214e-41
14.6875	1.54323e-41
14.6925	1.54432e-41
14.6975	1.54542e-41
14.7025	1.54651e-41
14.7075	1.5476e-41
14.7125	1.5487e-41
14.7175	1.54979e-41
14.7225	1.55089e-41
14.7275	1.55198e-41
14.7325	1.55308e-41
14.7375	1.55417e-41
14.7425	1.55527e-41
14.7475	1.55636e-41
14.7525	1.55746e-41
14.7575	1.55856e-41
14.7625	1.55965e-41
14.7675	1.56075e-41
14.7725	1.56185e-41
14.7775	1.56295e-41
14.7825	1.56405e-41
14.7875	1.56515e-41
14.7925	1.56625e-41
14.7975	1.56735e-41
14.8025	1.56845e-41
14.8075	1.56955e-41
14.8125	1.57065e-41
14.8175	1.57175e-41
14.8225	1.57285e-41
14.8275	1.57395e-41
14.8325	1.57505e-41
14.8375	1.57615e-41
14.8425	1.57726e-41
14.8475	1.57836e-41
14.8525	1.57946e-41
14.8575	1.58057e-41
14.8625	1.58167e-41
14.8675	1.58278e-41
14.8725	1.58388e-41
14.8775	1.58499e-41
14.8825	1.58609e-41
14.8875	1.5872e-41
14.8925	1.5883e-41
14.8975	1.58941e-41
14.9025	1.59052e-41
14.9075	1.59162e-41
14.9125	1.59273e-41
14.9175	1.59384e-41
14.9225	1.59495e-41
14.9275	1.59606e-41
14.9325	1.59717e-41
14.9375	1.59827e-41
14.9425	1.59938e-41
14.9475	1.60049e-41
14.9525	1.6016e-41
14.9575	1.60271e-41
14.9625	1.60383e-41
14.9675	1.60494e-41
14.9725	1.60605e-41
14.9775	1.60716e-41
14.9825	1.60827e-41
14.9875	1.60939e-41
14.9925	1.6105e-41
