1.8035	0
1.8085	0.0449535
1.8135	0.0449535
1.8185	0.0448651
1.8235	0.0447753
1.8285	0.0446736
1.8335	0.0445792
1.8385	0.0444773
1.8435	0.0443813
1.8485	0.0442796
1.8535	0.0441828
1.8585	0.0440813
1.8635	0.0439841
1.8685	0.0438828
1.8735	0.0437852
1.8785	0.0436842
1.8835	0.0435863
1.8885	0.0434854
1.8935	0.0433875
1.8985	0.0432867
1.9035	0.0431886
1.9085	0.043088
1.9135	0.0429898
1.9185	0.0428892
1.9235	0.042791
1.9285	0.0426905
1.9335	0.0425922
1.9385	0.0424918
1.9435	0.0423935
1.9485	0.0422932
1.9535	0.0421948
1.9585	0.0420946
1.9635	0.0419961
1.9685	0.041896
1.9735	0.0417975
1.9785	0.0416975
1.9835	0.041599
1.9885	0.041499
1.9935	0.0414005
1.9985	0.0413029
2.0035	0.0412076
2.0085	0.0411132
2.0135	0.0410212
2.0185	0.0409278
2.0235	0.0408357
2.0285	0.0407424
2.0335	0.0406503
2.0385	0.040557
2.0435	0.040465
2.0485	0.0403717
2.0535	0.0402797
2.0585	0.0401865
2.0635	0.0400944
2.0685	0.0400013
2.0735	0.0399092
2.0785	0.0398161
2.0835	0.039724
2.0885	0.039631
2.0935	0.0395389
2.0985	0.0394459
2.1035	0.0393538
2.1085	0.0392608
2.1135	0.0391688
2.1185	0.0390758
2.1235	0.0389838
2.1285	0.0388909
2.1335	0.0387989
2.1385	0.038706
2.1435	0.038614
2.1485	0.0385211
2.1535	0.0384291
2.1585	0.0383363
2.1635	0.0382443
2.1685	0.0381516
2.1735	0.0380596
2.1785	0.0379669
2.1835	0.0378749
2.1885	0.0377822
2.1935	0.0376902
2.1985	0.0375976
2.2035	0.0375056
2.2085	0.037413
2.2135	0.0373211
2.2185	0.0372285
2.2235	0.0371366
2.2285	0.037044
2.2335	0.0369521
2.2385	0.0368595
2.2435	0.0367677
2.2485	0.0366765
2.2535	0.0365866
2.2585	0.0364975
2.2635	0.0364095
2.2685	0.0363209
2.2735	0.036233
2.2785	0.0361445
2.2835	0.0360565
2.2885	0.035968
2.2935	0.0358801
2.2985	0.0357916
2.3035	0.0357037
2.3085	0.0356153
2.3135	0.0355274
2.3185	0.0354389
2.3235	0.0353511
2.3285	0.0352627
2.3335	0.0351748
2.3385	0.0350864
2.3435	0.0349986
2.3485	0.0349103
2.3535	0.0348224
2.3585	0.0347341
2.3635	0.0346463
2.3685	0.034558
2.3735	0.0344702
2.3785	0.0343819
2.3835	0.0342941
2.3885	0.0342059
2.3935	0.0341181
2.3985	0.0340299
2.4035	0.0339422
2.4085	0.033854
2.4135	0.0337662
2.4185	0.0336781
2.4235	0.0335904
2.4285	0.0335022
2.4335	0.0334145
2.4385	0.0333264
2.4435	0.0332387
2.4485	0.0331506
2.4535	0.033063
2.4585	0.0329749
2.4635	0.0328872
2.4685	0.0327992
2.4735	0.0327116
2.4785	0.0326235
2.4835	0.0325359
2.4885	0.0324479
2.4935	0.0323603
2.4985	0.0322279
2.5035	0.0320774
2.5085	0.0318818
2.5135	0.0316685
2.5185	0.0314544
2.5235	0.0312413
2.5285	0.0310273
2.5335	0.0308144
2.5385	0.0306006
2.5435	0.0303878
2.5485	0.0301741
2.5535	0.0299615
2.5585	0.029748
2.5635	0.0295355
2.5685	0.0293222
2.5735	0.0291099
2.5785	0.0288968
2.5835	0.0286845
2.5885	0.0284716
2.5935	0.0282595
2.5985	0.0280467
2.6035	0.0278348
2.6085	0.0276222
2.6135	0.0274104
2.6185	0.0271979
2.6235	0.0269863
2.6285	0.026774
2.6335	0.0265625
2.6385	0.0263504
2.6435	0.026139
2.6485	0.025927
2.6535	0.0257158
2.6585	0.025504
2.6635	0.0252929
2.6685	0.0250812
2.6735	0.0248703
2.6785	0.0246588
2.6835	0.024448
2.6885	0.0242366
2.6935	0.024026
2.6985	0.0238147
2.7035	0.0236042
2.7085	0.0233931
2.7135	0.0231828
2.7185	0.0229718
2.7235	0.0227616
2.7285	0.0225508
2.7335	0.0223407
2.7385	0.0221301
2.7435	0.0219201
2.7485	0.0217083
2.7535	0.0214966
2.7585	0.0212832
2.7635	0.0210698
2.7685	0.020856
2.7735	0.0206428
2.7785	0.0204292
2.7835	0.0202163
2.7885	0.0200029
2.7935	0.0197902
2.7985	0.0195771
2.8035	0.0193646
2.8085	0.0191517
2.8135	0.0189394
2.8185	0.0187267
2.8235	0.0185146
2.8285	0.0183021
2.8335	0.0180903
2.8385	0.017878
2.8435	0.0176663
2.8485	0.0174542
2.8535	0.0172428
2.8585	0.0170309
2.8635	0.0168196
2.8685	0.016608
2.8735	0.0163969
2.8785	0.0161854
2.8835	0.0159745
2.8885	0.0157632
2.8935	0.0155525
2.8985	0.0153414
2.9035	0.0151309
2.9085	0.01492
2.9135	0.0147097
2.9185	0.014499
2.9235	0.0142888
2.9285	0.0140783
2.9335	0.0138683
2.9385	0.013658
2.9435	0.0134482
2.9485	0.013238
2.9535	0.0130284
2.9585	0.0128184
2.9635	0.0126089
2.9685	0.0123991
2.9735	0.0121898
2.9785	0.0119802
2.9835	0.011771
2.9885	0.0115616
2.9935	0.0113526
2.9985	0.0111942
3.0035	0.0110579
3.0085	0.0109722
3.0135	0.0109084
3.0185	0.0108445
3.0235	0.0107807
3.0285	0.0107168
3.0335	0.010653
3.0385	0.0105892
3.0435	0.0105255
3.0485	0.0104616
3.0535	0.0103979
3.0585	0.0103341
3.0635	0.0102704
3.0685	0.0102067
3.0735	0.010143
3.0785	0.0100793
3.0835	0.0100157
3.0885	0.00995194
3.0935	0.00988835
3.0985	0.00982467
3.1035	0.0097611
3.1085	0.00969745
3.1135	0.00963391
3.1185	0.00957028
3.1235	0.00950677
3.1285	0.00944317
3.1335	0.00937968
3.1385	0.00931611
3.1435	0.00925265
3.1485	0.00918911
3.1535	0.00912568
3.1585	0.00906216
3.1635	0.00899875
3.1685	0.00893526
3.1735	0.00887188
3.1785	0.00880842
3.1835	0.00874506
3.1885	0.00868163
3.1935	0.00861829
3.1985	0.00855488
3.2035	0.00849157
3.2085	0.00842819
3.2135	0.0083649
3.2185	0.00830155
3.2235	0.00823829
3.2285	0.00817495
3.2335	0.00811172
3.2385	0.00804841
3.2435	0.0079852
3.2485	0.00792131
3.2535	0.00785723
3.2585	0.0077925
3.2635	0.00772757
3.2685	0.00766262
3.2735	0.00759774
3.2785	0.00753283
3.2835	0.007468
3.2885	0.00740314
3.2935	0.00733835
3.2985	0.00727354
3.3035	0.00720879
3.3085	0.00714403
3.3135	0.00707933
3.3185	0.00701461
3.3235	0.00694995
3.3285	0.00688527
3.3335	0.00682066
3.3385	0.00675602
3.3435	0.00669145
3.3485	0.00662686
3.3535	0.00656232
3.3585	0.00649777
3.3635	0.00643328
3.3685	0.00636877
3.3735	0.00630431
3.3785	0.00623984
3.3835	0.00617543
3.3885	0.006111
3.3935	0.00604662
3.3985	0.00598222
3.4035	0.00591788
3.4085	0.00585353
3.4135	0.00578922
3.4185	0.0057249
3.4235	0.00566063
3.4285	0.00559635
3.4335	0.00553211
3.4385	0.00546787
3.4435	0.00540366
3.4485	0.00533945
3.4535	0.00527529
3.4585	0.00521111
3.4635	0.00514697
3.4685	0.00508283
3.4735	0.00501873
3.4785	0.00495462
3.4835	0.00489054
3.4885	0.00482647
3.4935	0.00476243
3.4985	0.00470756
3.5035	0.00465665
3.5085	0.00461491
3.5135	0.00457711
3.5185	0.00453931
3.5235	0.00450153
3.5285	0.00446375
3.5335	0.00442598
3.5385	0.00438821
3.5435	0.00435046
3.5485	0.00431271
3.5535	0.00427497
3.5585	0.00423723
3.5635	0.0041995
3.5685	0.00416178
3.5735	0.00412407
3.5785	0.00408636
3.5835	0.00404866
3.5885	0.00401097
3.5935	0.00397328
3.5985	0.00393561
3.6035	0.00389793
3.6085	0.00386027
3.6135	0.00382261
3.6185	0.00378496
3.6235	0.00374731
3.6285	0.00370967
3.6335	0.00367204
3.6385	0.00363441
3.6435	0.00359679
3.6485	0.00355918
3.6535	0.00352157
3.6585	0.00348397
3.6635	0.00344637
3.6685	0.00340879
3.6735	0.0033712
3.6785	0.00333363
3.6835	0.00329605
3.6885	0.00325849
3.6935	0.00322093
3.6985	0.00318338
3.7035	0.00314583
3.7085	0.00310829
3.7135	0.00307075
3.7185	0.00303322
3.7235	0.00299569
3.7285	0.00295818
3.7335	0.00292066
3.7385	0.00288315
3.7435	0.00284565
3.7485	0.0028079
3.7535	0.00277003
3.7585	0.00273193
3.7635	0.00269372
3.7685	0.00265555
3.7735	0.00261738
3.7785	0.00257924
3.7835	0.00254109
3.7885	0.00250299
3.7935	0.00246488
3.7985	0.0024268
3.8035	0.00238872
3.8085	0.00235068
3.8135	0.00231263
3.8185	0.00227461
3.8235	0.00223659
3.8285	0.00219861
3.8335	0.00216061
3.8385	0.00212265
3.8435	0.00208468
3.8485	0.00204675
3.8535	0.00200881
3.8585	0.0019709
3.8635	0.00193298
3.8685	0.0018951
3.8735	0.00185721
3.8785	0.00181935
3.8835	0.00178148
3.8885	0.00174364
3.8935	0.00170579
3.8985	0.00166797
3.9035	0.00163015
3.9085	0.00159235
3.9135	0.00155455
3.9185	0.00151677
3.9235	0.00147899
3.9285	0.00144123
3.9335	0.00140347
3.9385	0.00136573
3.9435	0.00132798
3.9485	0.00129027
3.9535	0.00125254
3.9585	0.00121484
3.9635	0.00117713
3.9685	0.00113945
3.9735	0.00110175
3.9785	0.00106408
3.9835	0.0010264
3.9885	0.000988757
3.9935	0.000951092
3.9985	0.000919983
4.0035	0.000891658
4.0085	0.000869976
4.0135	0.000851122
4.0185	0.0008324
4.0235	0.000813712
4.0285	0.000795138
4.0335	0.000776592
4.0385	0.000758145
4.0435	0.000739719
4.0485	0.000721381
4.0535	0.000703058
4.0585	0.000684812
4.0635	0.000666576
4.0685	0.000648409
4.0735	0.000630248
4.0785	0.000612149
4.0835	0.000594052
4.0885	0.000576009
4.0935	0.000557967
4.0985	0.000539973
4.1035	0.000521977
4.1085	0.000504026
4.1135	0.000486069
4.1185	0.000468154
4.1235	0.000450231
4.1285	0.000432346
4.1335	0.000414453
4.1385	0.000396594
4.1435	0.000378725
4.1485	0.000360889
4.1535	0.000343042
4.1585	0.000325224
4.1635	0.000307395
4.1685	0.000289595
4.1735	0.000271781
4.1785	0.000253995
4.1835	0.000236194
4.1885	0.00021842
4.1935	0.000200631
4.1985	0.000182868
4.2035	0.000165089
4.2085	0.000147334
4.2135	0.000129564
4.2185	0.000111817
4.2235	9.40541e-05
4.2285	7.63143e-05
4.2335	5.85576e-05
4.2385	4.08238e-05
4.2435	2.30726e-05
4.2485	1.1543e-05
4.2535	2.66817e-06
4.2585	0
4.2635	0
4.2685	0
4.2735	0
4.2785	0
4.2835	0
4.2885	0
4.2935	0
4.2985	0
4.3035	0
4.3085	0
4.3135	0
4.3185	0
4.3235	0
4.3285	0
4.3335	0
4.3385	0
4.3435	0
4.3485	0
4.3535	0
4.3585	0
4.3635	0
4.3685	0
4.3735	0
4.3785	0
4.3835	0
4.3885	0
4.3935	0
4.3985	0
4.4035	0
4.4085	0
4.4135	0
4.4185	0
4.4235	0
4.4285	0
4.4335	0
4.4385	0
4.4435	0
4.4485	0
4.4535	0
4.4585	0
4.4635	0
4.4685	0
4.4735	0
4.4785	0
4.4835	0
4.4885	0
4.4935	0
4.4985	0
4.5035	0
4.5085	0
4.5135	0
4.5185	0
4.5235	0
4.5285	0
4.5335	0
4.5385	0
4.5435	0
4.5485	0
4.5535	0
4.5585	0
4.5635	0
4.5685	0
4.5735	0
4.5785	0
4.5835	0
4.5885	0
4.5935	0
4.5985	0
4.6035	0
4.6085	0
4.6135	0
4.6185	0
4.6235	0
4.6285	0
4.6335	0
4.6385	0
4.6435	0
4.6485	0
4.6535	0
4.6585	0
4.6635	0
4.6685	0
4.6735	0
4.6785	0
4.6835	0
4.6885	0
4.6935	0
4.6985	0
4.7035	0
4.7085	0
4.7135	0
4.7185	0
4.7235	0
4.7285	0
4.7335	0
4.7385	0
4.7435	0
4.7485	0
4.7535	0
4.7585	0
4.7635	0
4.7685	0
4.7735	0
4.7785	0
4.7835	0
4.7885	0
4.7935	0
4.7985	0
4.8035	0
4.8085	0
4.8135	0
4.8185	0
4.8235	0
4.8285	0
4.8335	0
4.8385	0
4.8435	0
4.8485	0
4.8535	0
4.8585	0
4.8635	0
4.8685	0
4.8735	0
4.8785	0
4.8835	0
4.8885	0
4.8935	0
4.8985	0
4.9035	0
4.9085	0
4.9135	0
4.9185	0
4.9235	0
4.9285	0
4.9335	0
4.9385	0
4.9435	0
4.9485	0
4.9535	0
4.9585	0
4.9635	0
4.9685	0
4.9735	0
4.9785	0
4.9835	0
4.9885	0
4.9935	0
4.9985	0
5.0035	0
5.0085	0
5.0135	0
5.0185	0
5.0235	0
5.0285	0
5.0335	0
5.0385	0
5.0435	0
5.0485	0
5.0535	0
5.0585	0
5.0635	0
5.0685	0
5.0735	0
5.0785	0
5.0835	0
5.0885	0
5.0935	0
5.0985	0
5.1035	0
5.1085	0
5.1135	0
5.1185	0
5.1235	0
5.1285	0
5.1335	0
5.1385	0
5.1435	0
5.1485	0
5.1535	0
5.1585	0
5.1635	0
5.1685	0
5.1735	0
5.1785	0
5.1835	0
5.1885	0
5.1935	0
5.1985	0
5.2035	0
5.2085	0
5.2135	0
5.2185	0
5.2235	0
5.2285	0
5.2335	0
5.2385	0
5.2435	0
5.2485	0
5.2535	0
5.2585	0
5.2635	0
5.2685	0
5.2735	0
5.2785	0
5.2835	0
5.2885	0
5.2935	0
5.2985	0
5.3035	0
5.3085	0
5.3135	0
5.3185	0
5.3235	0
5.3285	0
5.3335	0
5.3385	0
5.3435	0
5.3485	0
5.3535	0
5.3585	0
5.3635	0
5.3685	0
5.3735	0
5.3785	0
5.3835	0
5.3885	0
5.3935	0
5.3985	0
5.4035	0
5.4085	0
5.4135	0
5.4185	0
5.4235	0
5.4285	0
5.4335	0
5.4385	0
5.4435	0
5.4485	0
5.4535	0
5.4585	0
5.4635	0
5.4685	0
5.4735	0
5.4785	0
5.4835	0
5.4885	0
5.4935	0
5.4985	0
5.5035	0
5.5085	0
5.5135	0
5.5185	0
5.5235	0
5.5285	0
5.5335	0
5.5385	0
5.5435	0
5.5485	0
5.5535	0
5.5585	0
5.5635	0
5.5685	0
5.5735	0
5.5785	0
5.5835	0
5.5885	0
5.5935	0
5.5985	0
5.6035	0
5.6085	0
5.6135	0
5.6185	0
5.6235	0
5.6285	0
5.6335	0
5.6385	0
5.6435	0
5.6485	0
5.6535	0
5.6585	0
5.6635	0
5.6685	0
5.6735	0
5.6785	0
5.6835	0
5.6885	0
5.6935	0
5.6985	0
5.7035	0
5.7085	0
5.7135	0
5.7185	0
5.7235	0
5.7285	0
5.7335	0
5.7385	0
5.7435	0
5.7485	0
5.7535	0
5.7585	0
5.7635	0
5.7685	0
5.7735	0
5.7785	0
5.7835	0
5.7885	0
5.7935	0
5.7985	0
5.8035	0
5.8085	0
5.8135	0
5.8185	0
5.8235	0
5.8285	0
5.8335	0
5.8385	0
5.8435	0
5.8485	0
5.8535	0
5.8585	0
5.8635	0
5.8685	0
5.8735	0
5.8785	0
5.8835	0
5.8885	0
5.8935	0
5.8985	0
5.9035	0
5.9085	0
5.9135	0
5.9185	0
5.9235	0
5.9285	0
5.9335	0
5.9385	0
5.9435	0
5.9485	0
5.9535	0
5.9585	0
5.9635	0
5.9685	0
5.9735	0
5.9785	0
5.9835	0
5.9885	0
5.9935	0
5.9985	0
6.0035	0
6.0085	0
6.0135	0
6.0185	0
6.0235	0
6.0285	0
6.0335	0
6.0385	0
6.0435	0
6.0485	0
6.0535	0
6.0585	0
6.0635	0
6.0685	0
6.0735	0
6.0785	0
6.0835	0
6.0885	0
6.0935	0
6.0985	0
6.1035	0
6.1085	0
6.1135	0
6.1185	0
6.1235	0
6.1285	0
6.1335	0
6.1385	0
6.1435	0
6.1485	0
6.1535	0
6.1585	0
6.1635	0
6.1685	0
6.1735	0
6.1785	0
6.1835	0
6.1885	0
6.1935	0
6.1985	0
6.2035	0
6.2085	0
6.2135	0
6.2185	0
6.2235	0
6.2285	0
6.2335	0
6.2385	0
6.2435	0
6.2485	0
6.2535	0
6.2585	0
6.2635	0
6.2685	0
6.2735	0
6.2785	0
6.2835	0
6.2885	0
6.2935	0
6.2985	0
6.3035	0
6.3085	0
6.3135	0
6.3185	0
6.3235	0
6.3285	0
6.3335	0
6.3385	0
6.3435	0
6.3485	0
6.3535	0
6.3585	0
6.3635	0
6.3685	0
6.3735	0
6.3785	0
6.3835	0
6.3885	0
6.3935	0
6.3985	0
6.4035	0
6.4085	0
6.4135	0
6.4185	0
6.4235	0
6.4285	0
6.4335	0
6.4385	0
6.4435	0
6.4485	0
6.4535	0
6.4585	0
6.4635	0
6.4685	0
6.4735	0
6.4785	0
6.4835	0
6.4885	0
6.4935	0
6.4985	0
6.5035	0
6.5085	0
6.5135	0
6.5185	0
6.5235	0
6.5285	0
6.5335	0
6.5385	0
6.5435	0
6.5485	0
6.5535	0
6.5585	0
6.5635	0
6.5685	0
6.5735	0
6.5785	0
6.5835	0
6.5885	0
6.5935	0
6.5985	0
6.6035	0
6.6085	0
6.6135	0
6.6185	0
6.6235	0
6.6285	0
6.6335	0
6.6385	0
6.6435	0
6.6485	0
6.6535	0
6.6585	0
6.6635	0
6.6685	0
6.6735	0
6.6785	0
6.6835	0
6.6885	0
6.6935	0
6.6985	0
6.7035	0
6.7085	0
6.7135	0
6.7185	0
6.7235	0
6.7285	0
6.7335	0
6.7385	0
6.7435	0
6.7485	0
6.7535	0
6.7585	0
6.7635	0
6.7685	0
6.7735	0
6.7785	0
6.7835	0
6.7885	0
6.7935	0
6.7985	0
6.8035	0
6.8085	0
6.8135	0
6.8185	0
6.8235	0
6.8285	0
6.8335	0
6.8385	0
6.8435	0
6.8485	0
6.8535	0
6.8585	0
6.8635	0
6.8685	0
6.8735	0
6.8785	0
6.8835	0
6.8885	0
6.8935	0
6.8985	0
6.9035	0
6.9085	0
6.9135	0
6.9185	0
6.9235	0
6.9285	0
6.9335	0
6.9385	0
6.9435	0
6.9485	0
6.9535	0
6.9585	0
6.9635	0
6.9685	0
6.9735	0
6.9785	0
6.9835	0
6.9885	0
6.9935	0
6.9985	0
7.0035	0
7.0085	0
7.0135	0
7.0185	0
7.0235	0
7.0285	0
7.0335	0
7.0385	0
7.0435	0
7.0485	0
7.0535	0
7.0585	0
7.0635	0
7.0685	0
7.0735	0
7.0785	0
7.0835	0
7.0885	0
7.0935	0
7.0985	0
7.1035	0
7.1085	0
7.1135	0
7.1185	0
7.1235	0
7.1285	0
7.1335	0
7.1385	0
7.1435	0
7.1485	0
7.1535	0
7.1585	0
7.1635	0
7.1685	0
7.1735	0
7.1785	0
7.1835	0
7.1885	0
7.1935	0
7.1985	0
7.2035	0
7.2085	0
7.2135	0
7.2185	0
7.2235	0
7.2285	0
7.2335	0
7.2385	0
7.2435	0
7.2485	0
7.2535	0
7.2585	0
7.2635	0
7.2685	0
7.2735	0
7.2785	0
7.2835	0
7.2885	0
7.2935	0
7.2985	0
7.3035	0
7.3085	0
7.3135	0
7.3185	0
7.3235	0
7.3285	0
7.3335	0
7.3385	0
7.3435	0
7.3485	0
7.3535	0
7.3585	0
7.3635	0
7.3685	0
7.3735	0
7.3785	0
7.3835	0
7.3885	0
7.3935	0
7.3985	0
7.4035	0
7.4085	0
7.4135	0
7.4185	0
7.4235	0
7.4285	0
7.4335	0
7.4385	0
7.4435	0
7.4485	0
7.4535	0
7.4585	0
7.4635	0
7.4685	0
7.4735	0
7.4785	0
7.4835	0
7.4885	0
7.4935	0
7.4985	0
7.5035	0
7.5085	0
7.5135	0
7.5185	0
7.5235	0
7.5285	0
7.5335	0
7.5385	0
7.5435	0
7.5485	0
7.5535	0
7.5585	0
7.5635	0
7.5685	0
7.5735	0
7.5785	0
7.5835	0
7.5885	0
7.5935	0
7.5985	0
7.6035	0
7.6085	0
7.6135	0
7.6185	0
7.6235	0
7.6285	0
7.6335	0
7.6385	0
7.6435	0
7.6485	0
7.6535	0
7.6585	0
7.6635	0
7.6685	0
7.6735	0
7.6785	0
7.6835	0
7.6885	0
7.6935	0
7.6985	0
7.7035	0
7.7085	0
7.7135	0
7.7185	0
7.7235	0
7.7285	0
7.7335	0
7.7385	0
7.7435	0
7.7485	0
7.7535	0
7.7585	0
7.7635	0
7.7685	0
7.7735	0
7.7785	0
7.7835	0
7.7885	0
7.7935	0
7.7985	0
7.8035	0
7.8085	0
7.8135	0
7.8185	0
7.8235	0
7.8285	0
7.8335	0
7.8385	0
7.8435	0
7.8485	0
7.8535	0
7.8585	0
7.8635	0
7.8685	0
7.8735	0
7.8785	0
7.8835	0
7.8885	0
7.8935	0
7.8985	0
7.9035	0
7.9085	0
7.9135	0
7.9185	0
7.9235	0
7.9285	0
7.9335	0
7.9385	0
7.9435	0
7.9485	0
7.9535	0
7.9585	0
7.9635	0
7.9685	0
7.9735	0
7.9785	0
7.9835	0
7.9885	0
7.9935	0
7.9985	0
8.0035	0
8.0085	0
8.0135	0
8.0185	0
8.0235	0
8.0285	0
8.0335	0
8.0385	0
8.0435	0
8.0485	0
8.0535	0
8.0585	0
8.0635	0
8.0685	0
8.0735	0
8.0785	0
8.0835	0
8.0885	0
8.0935	0
8.0985	0
8.1035	0
8.1085	0
8.1135	0
8.1185	0
8.1235	0
8.1285	0
8.1335	0
8.1385	0
8.1435	0
8.1485	0
8.1535	0
8.1585	0
8.1635	0
8.1685	0
8.1735	0
8.1785	0
8.1835	0
8.1885	0
8.1935	0
8.1985	0
8.2035	0
8.2085	0
8.2135	0
8.2185	0
8.2235	0
8.2285	0
8.2335	0
8.2385	0
8.2435	0
8.2485	0
8.2535	0
8.2585	0
8.2635	0
8.2685	0
8.2735	0
8.2785	0
8.2835	0
8.2885	0
8.2935	0
8.2985	0
8.3035	0
8.3085	0
8.3135	0
8.3185	0
8.3235	0
8.3285	0
8.3335	0
8.3385	0
8.3435	0
8.3485	0
8.3535	0
8.3585	0
8.3635	0
8.3685	0
8.3735	0
8.3785	0
8.3835	0
8.3885	0
8.3935	0
8.3985	0
8.4035	0
8.4085	0
8.4135	0
8.4185	0
8.4235	0
8.4285	0
8.4335	0
8.4385	0
8.4435	0
8.4485	0
8.4535	0
8.4585	0
8.4635	0
8.4685	0
8.4735	0
8.4785	0
8.4835	0
8.4885	0
8.4935	0
8.4985	0
8.5035	0
8.5085	0
8.5135	0
8.5185	0
8.5235	0
8.5285	0
8.5335	0
8.5385	0
8.5435	0
8.5485	0
8.5535	0
8.5585	0
8.5635	0
8.5685	0
8.5735	0
8.5785	0
8.5835	0
8.5885	0
8.5935	0
8.5985	0
8.6035	0
8.6085	0
8.6135	0
8.6185	0
8.6235	0
8.6285	0
8.6335	0
8.6385	0
8.6435	0
8.6485	0
8.6535	0
8.6585	0
8.6635	0
8.6685	0
8.6735	0
8.6785	0
8.6835	0
8.6885	0
8.6935	0
8.6985	0
8.7035	0
8.7085	0
8.7135	0
8.7185	0
8.7235	0
8.7285	0
8.7335	0
8.7385	0
8.7435	0
8.7485	0
8.7535	0
8.7585	0
8.7635	0
8.7685	0
8.7735	0
8.7785	0
8.7835	0
8.7885	0
8.7935	0
8.7985	0
8.8035	0
8.8085	0
8.8135	0
8.8185	0
8.8235	0
8.8285	0
8.8335	0
8.8385	0
8.8435	0
8.8485	0
8.8535	0
8.8585	0
8.8635	0
8.8685	0
8.8735	0
8.8785	0
8.8835	0
8.8885	0
8.8935	0
8.8985	0
8.9035	0
8.9085	0
8.9135	0
8.9185	0
8.9235	0
8.9285	0
8.9335	0
8.9385	0
8.9435	0
8.9485	0
8.9535	0
8.9585	0
8.9635	0
8.9685	0
8.9735	0
8.9785	0
8.9835	0
8.9885	0
8.9935	0
8.9985	0
9.0035	0
9.0085	0
9.0135	0
9.0185	0
9.0235	0
9.0285	0
9.0335	0
9.0385	0
9.0435	0
9.0485	0
9.0535	0
9.0585	0
9.0635	0
9.0685	0
9.0735	0
9.0785	0
9.0835	0
9.0885	0
9.0935	0
9.0985	0
9.1035	0
9.1085	0
9.1135	0
9.1185	0
9.1235	0
9.1285	0
9.1335	0
9.1385	0
9.1435	0
9.1485	0
9.1535	0
9.1585	0
9.1635	0
9.1685	0
9.1735	0
9.1785	0
9.1835	0
9.1885	0
9.1935	0
9.1985	0
9.2035	0
9.2085	0
9.2135	0
9.2185	0
9.2235	0
9.2285	0
9.2335	0
9.2385	0
9.2435	0
9.2485	0
9.2535	0
9.2585	0
9.2635	0
9.2685	0
9.2735	0
9.2785	0
9.2835	0
9.2885	0
9.2935	0
9.2985	0
9.3035	0
9.3085	0
9.3135	0
9.3185	0
9.3235	0
9.3285	0
9.3335	0
9.3385	0
9.3435	0
9.3485	0
9.3535	0
9.3585	0
9.3635	0
9.3685	0
9.3735	0
9.3785	0
9.3835	0
9.3885	0
9.3935	0
9.3985	0
9.4035	0
9.4085	0
9.4135	0
9.4185	0
9.4235	0
9.4285	0
9.4335	0
9.4385	0
9.4435	0
9.4485	0
9.4535	0
9.4585	0
9.4635	0
9.4685	0
9.4735	0
9.4785	0
9.4835	0
9.4885	0
9.4935	0
9.4985	0
9.5035	0
9.5085	0
9.5135	0
9.5185	0
9.5235	0
9.5285	0
9.5335	0
9.5385	0
9.5435	0
9.5485	0
9.5535	0
9.5585	0
9.5635	0
9.5685	0
9.5735	0
9.5785	0
9.5835	0
9.5885	0
9.5935	0
9.5985	0
9.6035	0
9.6085	0
9.6135	0
9.6185	0
9.6235	0
9.6285	0
9.6335	0
9.6385	0
9.6435	0
9.6485	0
9.6535	0
9.6585	0
9.6635	0
9.6685	0
9.6735	0
9.6785	0
9.6835	0
9.6885	0
9.6935	0
9.6985	0
9.7035	0
9.7085	0
9.7135	0
9.7185	0
9.7235	0
9.7285	0
9.7335	0
9.7385	0
9.7435	0
9.7485	0
9.7535	0
9.7585	0
9.7635	0
9.7685	0
9.7735	0
9.7785	0
9.7835	0
9.7885	0
9.7935	0
9.7985	0
9.8035	0
9.8085	0
9.8135	0
9.8185	0
9.8235	0
9.8285	0
9.8335	0
9.8385	0
9.8435	0
9.8485	0
9.8535	0
9.8585	0
9.8635	0
9.8685	0
9.8735	0
9.8785	0
9.8835	0
9.8885	0
9.8935	0
9.8985	0
9.9035	0
9.9085	0
9.9135	0
9.9185	0
9.9235	0
9.9285	0
9.9335	0
9.9385	0
9.9435	0
9.9485	0
9.9535	0
9.9585	0
9.9635	0
9.9685	0
9.9735	0
9.9785	0
9.9835	0
9.9885	0
9.9935	0
9.9985	0
10.0035	0
10.0085	0
10.0135	0
10.0185	0
10.0235	0
10.0285	0
10.0335	0
10.0385	0
10.0435	0
10.0485	0
10.0535	0
10.0585	0
10.0635	0
10.0685	0
10.0735	0
10.0785	0
10.0835	0
10.0885	0
10.0935	0
10.0985	0
10.1035	0
10.1085	0
10.1135	0
10.1185	0
10.1235	0
10.1285	0
10.1335	0
10.1385	0
10.1435	0
10.1485	0
10.1535	0
10.1585	0
10.1635	0
10.1685	0
10.1735	0
10.1785	0
10.1835	0
10.1885	0
10.1935	0
10.1985	0
10.2035	0
10.2085	0
10.2135	0
10.2185	0
10.2235	0
10.2285	0
10.2335	0
10.2385	0
10.2435	0
10.2485	0
10.2535	0
10.2585	0
10.2635	0
10.2685	0
10.2735	0
10.2785	0
10.2835	0
10.2885	0
10.2935	0
10.2985	0
10.3035	0
10.3085	0
10.3135	0
10.3185	0
10.3235	0
10.3285	0
10.3335	0
10.3385	0
10.3435	0
10.3485	0
10.3535	0
10.3585	0
10.3635	0
10.3685	0
10.3735	0
10.3785	0
10.3835	0
10.3885	0
10.3935	0
10.3985	0
10.4035	0
10.4085	0
10.4135	0
10.4185	0
10.4235	0
10.4285	0
10.4335	0
10.4385	0
10.4435	0
10.4485	0
10.4535	0
10.4585	0
10.4635	0
10.4685	0
10.4735	0
10.4785	0
10.4835	0
10.4885	0
10.4935	0
10.4985	0
10.5035	0
10.5085	0
10.5135	0
10.5185	0
10.5235	0
10.5285	0
10.5335	0
10.5385	0
10.5435	0
10.5485	0
10.5535	0
10.5585	0
10.5635	0
10.5685	0
10.5735	0
10.5785	0
10.5835	0
10.5885	0
10.5935	0
10.5985	0
10.6035	0
10.6085	0
10.6135	0
10.6185	0
10.6235	0
10.6285	0
10.6335	0
10.6385	0
10.6435	0
10.6485	0
10.6535	0
10.6585	0
10.6635	0
10.6685	0
10.6735	0
10.6785	0
10.6835	0
10.6885	0
10.6935	0
10.6985	0
10.7035	0
10.7085	0
10.7135	0
10.7185	0
10.7235	0
10.7285	0
10.7335	0
10.7385	0
10.7435	0
10.7485	0
10.7535	0
10.7585	0
10.7635	0
10.7685	0
10.7735	0
10.7785	0
10.7835	0
10.7885	0
10.7935	0
10.7985	0
10.8035	0
10.8085	0
10.8135	0
10.8185	0
10.8235	0
10.8285	0
10.8335	0
10.8385	0
10.8435	0
10.8485	0
10.8535	0
10.8585	0
10.8635	0
10.8685	0
10.8735	0
10.8785	0
10.8835	0
10.8885	0
10.8935	0
10.8985	0
10.9035	0
10.9085	0
10.9135	0
10.9185	0
10.9235	0
10.9285	0
10.9335	0
10.9385	0
10.9435	0
10.9485	0
10.9535	0
10.9585	0
10.9635	0
10.9685	0
10.9735	0
10.9785	0
10.9835	0
10.9885	0
10.9935	0
10.9985	0
11.0035	0
11.0085	0
11.0135	0
11.0185	0
11.0235	0
11.0285	0
11.0335	0
11.0385	0
11.0435	0
11.0485	0
11.0535	0
11.0585	0
11.0635	0
11.0685	0
11.0735	0
11.0785	0
11.0835	0
11.0885	0
11.0935	0
11.0985	0
11.1035	0
11.1085	0
11.1135	0
11.1185	0
11.1235	0
11.1285	0
11.1335	0
11.1385	0
11.1435	0
11.1485	0
11.1535	0
11.1585	0
11.1635	0
11.1685	0
11.1735	0
11.1785	0
11.1835	0
11.1885	0
11.1935	0
11.1985	0
11.2035	0
11.2085	0
11.2135	0
11.2185	0
11.2235	0
11.2285	0
11.2335	0
11.2385	0
11.2435	0
11.2485	0
11.2535	0
11.2585	0
11.2635	0
11.2685	0
11.2735	0
11.2785	0
11.2835	0
11.2885	0
11.2935	0
11.2985	0
11.3035	0
11.3085	0
11.3135	0
11.3185	0
11.3235	0
11.3285	0
11.3335	0
11.3385	0
11.3435	0
11.3485	0
11.3535	0
11.3585	0
11.3635	0
11.3685	0
11.3735	0
11.3785	0
11.3835	0
11.3885	0
11.3935	0
11.3985	0
11.4035	0
11.4085	0
11.4135	0
11.4185	0
11.4235	0
11.4285	0
11.4335	0
11.4385	0
11.4435	0
11.4485	0
11.4535	0
11.4585	0
11.4635	0
11.4685	0
11.4735	0
11.4785	0
11.4835	0
11.4885	0
11.4935	0
11.4985	0
11.5035	0
11.5085	0
11.5135	0
11.5185	0
11.5235	0
11.5285	0
11.5335	0
11.5385	0
11.5435	0
11.5485	0
11.5535	0
11.5585	0
11.5635	0
11.5685	0
11.5735	0
11.5785	0
11.5835	0
11.5885	0
11.5935	0
11.5985	0
11.6035	0
11.6085	0
11.6135	0
11.6185	0
11.6235	0
11.6285	0
11.6335	0
11.6385	0
11.6435	0
11.6485	0
11.6535	0
11.6585	0
11.6635	0
11.6685	0
11.6735	0
11.6785	0
11.6835	0
11.6885	0
11.6935	0
11.6985	0
11.7035	0
11.7085	0
11.7135	0
11.7185	0
11.7235	0
11.7285	0
11.7335	0
11.7385	0
11.7435	0
11.7485	0
11.7535	0
11.7585	0
11.7635	0
11.7685	0
11.7735	0
11.7785	0
11.7835	0
11.7885	0
11.7935	0
11.7985	0
11.8035	0
11.8085	0
11.8135	0
11.8185	0
11.8235	0
11.8285	0
11.8335	0
11.8385	0
11.8435	0
11.8485	0
11.8535	0
11.8585	0
11.8635	0
11.8685	0
11.8735	0
11.8785	0
11.8835	0
11.8885	0
11.8935	0
11.8985	0
11.9035	0
11.9085	0
11.9135	0
11.9185	0
11.9235	0
11.9285	0
11.9335	0
11.9385	0
11.9435	0
11.9485	0
11.9535	0
11.9585	0
11.9635	0
11.9685	0
11.9735	0
11.9785	0
11.9835	0
11.9885	0
11.9935	0
11.9985	0
12.0035	0
12.0085	0
12.0135	0
12.0185	0
12.0235	0
12.0285	0
12.0335	0
12.0385	0
12.0435	0
12.0485	0
12.0535	0
12.0585	0
12.0635	0
12.0685	0
12.0735	0
12.0785	0
12.0835	0
12.0885	0
12.0935	0
12.0985	0
12.1035	0
12.1085	0
12.1135	0
12.1185	0
12.1235	0
12.1285	0
12.1335	0
12.1385	0
12.1435	0
12.1485	0
12.1535	0
12.1585	0
12.1635	0
12.1685	0
12.1735	0
12.1785	0
12.1835	0
12.1885	0
12.1935	0
12.1985	0
12.2035	0
12.2085	0
12.2135	0
12.2185	0
12.2235	0
12.2285	0
12.2335	0
12.2385	0
12.2435	0
12.2485	0
12.2535	0
12.2585	0
12.2635	0
12.2685	0
12.2735	0
12.2785	0
12.2835	0
12.2885	0
12.2935	0
12.2985	0
12.3035	0
12.3085	0
12.3135	0
12.3185	0
12.3235	0
12.3285	0
12.3335	0
12.3385	0
12.3435	0
12.3485	0
12.3535	0
12.3585	0
12.3635	0
12.3685	0
12.3735	0
12.3785	0
12.3835	0
12.3885	0
12.3935	0
12.3985	0
12.4035	0
12.4085	0
12.4135	0
12.4185	0
12.4235	0
12.4285	0
12.4335	0
12.4385	0
12.4435	0
12.4485	0
12.4535	0
12.4585	0
12.4635	0
12.4685	0
12.4735	0
12.4785	0
12.4835	0
12.4885	0
12.4935	0
12.4985	0
12.5035	0
12.5085	0
12.5135	0
12.5185	0
12.5235	0
12.5285	0
12.5335	0
12.5385	0
12.5435	0
12.5485	0
12.5535	0
12.5585	0
12.5635	0
12.5685	0
12.5735	0
12.5785	0
12.5835	0
12.5885	0
12.5935	0
12.5985	0
12.6035	0
12.6085	0
12.6135	0
12.6185	0
12.6235	0
12.6285	0
12.6335	0
12.6385	0
12.6435	0
12.6485	0
12.6535	0
12.6585	0
12.6635	0
12.6685	0
12.6735	0
12.6785	0
12.6835	0
12.6885	0
12.6935	0
12.6985	0
12.7035	0
12.7085	0
12.7135	0
12.7185	0
12.7235	0
12.7285	0
12.7335	0
12.7385	0
12.7435	0
12.7485	0
12.7535	0
12.7585	0
12.7635	0
12.7685	0
12.7735	0
12.7785	0
12.7835	0
12.7885	0
12.7935	0
12.7985	0
12.8035	0
12.8085	0
12.8135	0
12.8185	0
12.8235	0
12.8285	0
12.8335	0
12.8385	0
12.8435	0
12.8485	0
12.8535	0
12.8585	0
12.8635	0
12.8685	0
12.8735	0
12.8785	0
12.8835	0
12.8885	0
12.8935	0
12.8985	0
12.9035	0
12.9085	0
12.9135	0
12.9185	0
12.9235	0
12.9285	0
12.9335	0
12.9385	0
12.9435	0
12.9485	0
12.9535	0
12.9585	0
12.9635	0
12.9685	0
12.9735	0
12.9785	0
12.9835	0
12.9885	0
12.9935	0
12.9985	0
13.0035	0
13.0085	0
13.0135	0
13.0185	0
13.0235	0
13.0285	0
13.0335	0
13.0385	0
13.0435	0
13.0485	0
13.0535	0
13.0585	0
13.0635	0
13.0685	0
13.0735	0
13.0785	0
13.0835	0
13.0885	0
13.0935	0
13.0985	0
13.1035	0
13.1085	0
13.1135	0
13.1185	0
13.1235	0
13.1285	0
13.1335	0
13.1385	0
13.1435	0
13.1485	0
13.1535	0
13.1585	0
13.1635	0
13.1685	0
13.1735	0
13.1785	0
13.1835	0
13.1885	0
13.1935	0
13.1985	0
13.2035	0
13.2085	0
13.2135	0
13.2185	0
13.2235	0
13.2285	0
13.2335	0
13.2385	0
13.2435	0
13.2485	0
13.2535	0
13.2585	0
13.2635	0
13.2685	0
13.2735	0
13.2785	0
13.2835	0
13.2885	0
13.2935	0
13.2985	0
13.3035	0
13.3085	0
13.3135	0
13.3185	0
13.3235	0
13.3285	0
13.3335	0
13.3385	0
13.3435	0
13.3485	0
13.3535	0
13.3585	0
13.3635	0
13.3685	0
13.3735	0
13.3785	0
13.3835	0
13.3885	0
13.3935	0
13.3985	0
13.4035	0
13.4085	0
13.4135	0
13.4185	0
13.4235	0
13.4285	0
13.4335	0
13.4385	0
13.4435	0
13.4485	0
13.4535	0
13.4585	0
13.4635	0
13.4685	0
13.4735	0
13.4785	0
13.4835	0
13.4885	0
13.4935	0
13.4985	0
13.5035	0
13.5085	0
13.5135	0
13.5185	0
13.5235	0
13.5285	0
13.5335	0
13.5385	0
13.5435	0
13.5485	0
13.5535	0
13.5585	0
13.5635	0
13.5685	0
13.5735	0
13.5785	0
13.5835	0
13.5885	0
13.5935	0
13.5985	0
13.6035	0
13.6085	0
13.6135	0
13.6185	0
13.6235	0
13.6285	0
13.6335	0
13.6385	0
13.6435	0
13.6485	0
13.6535	0
13.6585	0
13.6635	0
13.6685	0
13.6735	0
13.6785	0
13.6835	0
13.6885	0
13.6935	0
13.6985	0
13.7035	0
13.7085	0
13.7135	0
13.7185	0
13.7235	0
13.7285	0
13.7335	0
13.7385	0
13.7435	0
13.7485	0
13.7535	0
13.7585	0
13.7635	0
13.7685	0
13.7735	0
13.7785	0
13.7835	0
13.7885	0
13.7935	0
13.7985	0
13.8035	0
13.8085	0
13.8135	0
13.8185	0
13.8235	0
13.8285	0
13.8335	0
13.8385	0
13.8435	0
13.8485	0
13.8535	0
13.8585	0
13.8635	0
13.8685	0
13.8735	0
13.8785	0
13.8835	0
13.8885	0
13.8935	0
13.8985	0
13.9035	0
13.9085	0
13.9135	0
13.9185	0
13.9235	0
13.9285	0
13.9335	0
13.9385	0
13.9435	0
13.9485	0
13.9535	0
13.9585	0
13.9635	0
13.9685	0
13.9735	0
13.9785	0
13.9835	0
13.9885	0
13.9935	0
13.9985	0
14.0035	0
14.0085	0
14.0135	0
14.0185	0
14.0235	0
14.0285	0
14.0335	0
14.0385	0
14.0435	0
14.0485	0
14.0535	0
14.0585	0
14.0635	0
14.0685	0
14.0735	0
14.0785	0
14.0835	0
14.0885	0
14.0935	0
14.0985	0
14.1035	0
14.1085	0
14.1135	0
14.1185	0
14.1235	0
14.1285	0
14.1335	0
14.1385	0
14.1435	0
14.1485	0
14.1535	0
14.1585	0
14.1635	0
14.1685	0
14.1735	0
14.1785	0
14.1835	0
14.1885	0
14.1935	0
14.1985	0
14.2035	0
14.2085	0
14.2135	0
14.2185	0
14.2235	0
14.2285	0
14.2335	0
14.2385	0
14.2435	0
14.2485	0
14.2535	0
14.2585	0
14.2635	0
14.2685	0
14.2735	0
14.2785	0
14.2835	0
14.2885	0
14.2935	0
14.2985	0
14.3035	0
14.3085	0
14.3135	0
14.3185	0
14.3235	0
14.3285	0
14.3335	0
14.3385	0
14.3435	0
14.3485	0
14.3535	0
14.3585	0
14.3635	0
14.3685	0
14.3735	0
14.3785	0
14.3835	0
14.3885	0
14.3935	0
14.3985	0
14.4035	0
14.4085	0
14.4135	0
14.4185	0
14.4235	0
14.4285	0
14.4335	0
14.4385	0
14.4435	0
14.4485	0
14.4535	0
14.4585	0
14.4635	0
14.4685	0
14.4735	0
14.4785	0
14.4835	0
14.4885	0
14.4935	0
14.4985	0
14.5035	0
14.5085	0
14.5135	0
14.5185	0
14.5235	0
14.5285	0
14.5335	0
14.5385	0
14.5435	0
14.5485	0
14.5535	0
14.5585	0
14.5635	0
14.5685	0
14.5735	0
14.5785	0
14.5835	0
14.5885	0
14.5935	0
14.5985	0
14.6035	0
14.6085	0
14.6135	0
14.6185	0
14.6235	0
14.6285	0
14.6335	0
14.6385	0
14.6435	0
14.6485	0
14.6535	0
14.6585	0
14.6635	0
14.6685	0
14.6735	0
14.6785	0
14.6835	0
14.6885	0
14.6935	0
14.6985	0
14.7035	0
14.7085	0
14.7135	0
14.7185	0
14.7235	0
14.7285	0
14.7335	0
14.7385	0
14.7435	0
14.7485	0
14.7535	0
14.7585	0
14.7635	0
14.7685	0
14.7735	0
14.7785	0
14.7835	0
14.7885	0
14.7935	0
14.7985	0
14.8035	0
14.8085	0
14.8135	0
14.8185	0
14.8235	0
14.8285	0
14.8335	0
14.8385	0
14.8435	0
14.8485	0
14.8535	0
14.8585	0
14.8635	0
14.8685	0
14.8735	0
14.8785	0
14.8835	0
14.8885	0
14.8935	0
14.8985	0
14.9035	0
14.9085	0
14.9135	0
14.9185	0
14.9235	0
14.9285	0
14.9335	0
14.9385	0
14.9435	0
14.9485	0
14.9535	0
14.9585	0
14.9635	0
14.9685	0
14.9735	0
14.9785	0
14.9835	0
14.9885	0
14.9935	0
14.9985	0
