# Isotopic (U235 and Pu combo) and total unfolded antineutrino energy spectra of IBD reaction based on Wiener-SVD method. 
# Smearing matrix (A_c) and covariance matrix without considering bias from the input model (Cov^{Wiener}) of the unfolded antineutrino energy spectra weighted by IBD cross section are reported below each spectrum. 
# The bin width of the first 24 bins is 0.25 MeV from 1.8 to 7.8 MeV. The last bin is from 7.8 to 9.5 MeV

# Unfolded [U235] antineutrino energy spectrum based on Wiener-SVD method. 
# The antineutrino energy spectrum removing the IBD cross section is also provided. 
# The content in each bin has been divided by the bin width. 
# Bin_Center[MeV]	Sigma(w/ IBD cross section)[cm^2/fission/MeV]	Sigma(w/o IBD cross section)[cm^2/fission/MeV]
1.925	3.1608e-44	1.4851
2.175	5.73311e-44	0.958336
2.425	9.13986e-44	0.848835
2.675	1.21247e-43	0.725703
2.925	1.45614e-43	0.612256
3.175	1.63955e-43	0.512339
3.425	1.75375e-43	0.424312
3.675	1.78992e-43	0.345533
3.925	1.7452e-43	0.275179
4.175	1.64904e-43	0.216622
4.425	1.54703e-43	0.171952
4.675	1.45047e-43	0.138246
4.925	1.34427e-43	0.111081
5.175	1.21846e-43	0.0882003
5.425	1.0831e-43	0.0692842
5.675	9.59396e-44	0.0545972
5.925	8.50266e-44	0.0433675
6.175	7.27926e-44	0.0334722
6.425	5.80177e-44	0.024171
6.675	4.47119e-44	0.0169645
6.925	3.50642e-44	0.0121724
7.175	2.54215e-44	0.00810864
7.425	1.53262e-44	0.00450459
7.675	1.05454e-44	0.0028665
8.65	1.78821e-45	0.000416269

# The smearing matrix (A_c) of the unfolded [U235] antineutrino energy spectrum based on Wiener-SVD method. 
0.793698	0.264526	-0.0278963	-0.0257561	-0.000906922	-0.00437476	-0.00592154	0.000442218	-0.00221554	-0.00278122	0.00826126	0.0115723	0.000768782	-0.00976881	-0.0088512	-0.000343806	0.00480339	0.00499347	0.00655483	-0.000368995	-0.0181627	-0.0145322	0.0241198	0.0366834	-0.0401892	
0.272457	0.505189	0.246729	0.0012939	-0.0305422	0.0023681	0.00516908	-0.00973238	-0.00107621	0.013612	-0.002663	-0.010749	-0.000444143	0.00843669	0.00448292	-0.00754038	-0.00258787	0.00861944	-0.00199996	-0.0138848	0.00294724	0.0238989	-0.0084741	-0.0401067	0.0289517	
-0.0256229	0.318109	0.450114	0.252683	0.0391225	-0.0374613	-0.00796241	0.0188711	0.0067262	-0.0104757	-0.0142013	9.82357e-05	0.00111525	-0.00185739	0.0113849	0.0132114	-0.00248057	-0.0190211	-0.0173216	0.012202	0.0298638	0.00540595	-0.0378525	-0.0276402	0.0373441	
-0.0245461	0.00137228	0.316173	0.43563	0.247107	0.053504	-0.0132625	-0.00673682	-0.000123567	-0.00516633	-0.00893817	-0.0068684	0.000184639	0.0025582	0.00811108	0.0154866	-0.00227465	-0.0286462	-0.00891165	0.0310706	0.0153323	-0.0261947	-0.0180221	0.020279	-0.00276375	
0.00581836	-0.0671552	0.0600885	0.297053	0.405714	0.280435	0.0723783	-0.0320117	-0.0285948	0.00421409	0.0107667	-0.012841	-0.0114721	0.0126376	0.010389	-0.0117567	-0.0126749	0.0134396	0.0195717	-0.00708693	-0.0220421	-0.0102877	0.0179136	0.0301228	-0.0302656	
-0.00711004	0.000322891	-0.0632601	0.0700853	0.315139	0.400004	0.258755	0.0681318	-0.02665	-0.0202398	0.00714669	0.00537954	-0.00364423	-0.00393798	-0.00982983	-0.0155999	0.00542447	0.0362044	0.0190005	-0.0335997	-0.0388949	0.011774	0.0387724	0.0112016	-0.0302216	
-0.0069764	0.00168738	-0.0257103	-0.0242448	0.0877126	0.286357	0.374984	0.265233	0.0821814	-0.0202614	-0.0210434	0.0133088	0.00966891	-0.0288181	-0.0303732	0.0103662	0.034332	0.0143917	-0.013601	-0.0183188	-0.0105783	0.00599816	0.0179095	0.0125399	-0.022392	
0.00925902	-0.0344988	0.0287051	-0.0134105	-0.0467602	0.0835311	0.286692	0.371904	0.267534	0.0952676	-0.00820357	-0.0228958	-0.0154127	-0.0192617	-0.00702118	0.019867	0.0232699	-0.00949696	-0.028383	0.00370655	0.0245268	-0.0034339	-0.0197511	0.0128591	-0.00423838	
0.00932322	-0.0123065	0.00700943	0.00180028	-0.0391508	-0.0279295	0.094255	0.277933	0.369361	0.289733	0.103705	-0.0423398	-0.0570566	0.00368605	0.0332437	0.00975889	-0.0191504	-0.0205615	-0.00460042	0.0160716	0.0229126	0.000536602	-0.0294514	-0.0149944	0.0225647	
0.00989592	0.0222512	-0.0362401	-0.00885936	0.00612384	-0.0264104	-0.0247672	0.093574	0.285667	0.381392	0.264837	0.0664629	-0.0297542	-0.00610149	0.0258341	-0.000210028	-0.0360937	-0.0209805	0.0176343	0.0210456	0.00361491	0.00208476	-0.0164092	-0.0283481	0.0281105	
0.0331806	-0.00367775	-0.0321401	-0.0166299	0.00908038	0.00286627	-0.0224965	-0.0128725	0.0974193	0.26375	0.343689	0.278953	0.116753	-0.0112089	-0.0331896	-0.0163555	-0.00903859	-0.00480166	0.00559885	0.0143162	0.00214528	-0.0073865	-0.00697994	0.00316944	0.00020853	
0.0445064	-0.0361931	-0.00699156	-0.00533086	-0.0140929	0.00753033	0.0212129	-0.0182344	-0.0391624	0.0653755	0.265737	0.398108	0.306648	0.0834981	-0.049378	-0.041737	0.0103602	0.0144085	-0.0106369	-0.00331461	0.00352958	-0.00648761	0.00280595	0.0287554	-0.026563	
0.0195128	-0.0142895	-0.0068705	0.0058111	-0.0106864	0.00205713	0.0189456	-0.00722473	-0.0495154	-0.02819	0.102578	0.288469	0.37826	0.271885	0.0755935	-0.0299149	-0.0206744	0.0109521	0.00232528	-0.019839	-0.0140972	0.013132	0.0214621	0.00600542	-0.0213335	
-0.0106706	0.0165662	-0.00806243	0.00196073	0.0143257	0.00156386	-0.0219767	-0.0139649	0.00487767	-0.00386548	-0.0126284	0.0689541	0.257996	0.382821	0.290351	0.0919107	-0.0318405	-0.026556	0.00376566	-0.014217	-0.0188242	0.0184476	0.0223224	-0.0125566	-0.00634693	
-0.0109293	0.00165904	0.0101733	0.00672942	0.0117596	-0.00871316	-0.0285198	-0.00890037	0.0272848	0.0253524	-0.032572	-0.0534444	0.0682462	0.285114	0.393534	0.295768	0.0904964	-0.0434353	-0.0449368	0.00256811	0.0115343	-0.00377479	-0.00621327	0.00986465	-0.00429252	
0.00714657	-0.0238112	0.0163224	0.0204557	-0.0168994	-0.0191467	0.00856406	0.0124421	0.00451599	0.00418572	-0.0112125	-0.0367291	-0.0286635	0.0808188	0.277257	0.399961	0.302462	0.0674549	-0.0610848	-0.0166896	0.0228024	-0.0107404	-0.0250621	0.0162449	0.0037589	
0.0122002	-0.00862203	-0.00165863	-0.000297995	-0.0199453	0.00193789	0.0273201	0.0169311	-0.0159716	-0.024254	0.00136559	0.0113987	-0.0203921	-0.0345355	0.0720601	0.277487	0.397786	0.295201	0.0766056	-0.0445421	-0.0285248	0.00444682	-0.00751273	-0.0130655	0.0189364	
0.00801986	0.0168791	-0.0204304	-0.0350081	0.007818	0.0335321	0.00892464	-0.00567326	-0.0127844	-0.0135989	0.00457728	0.00959785	0.00462954	-0.0191448	-0.0368207	0.0537426	0.268204	0.424583	0.317468	0.0555442	-0.0643422	-0.0239215	0.0108808	-0.0049327	0.00660851	
0.0132836	5.49418e-05	-0.0199583	-0.0133406	0.0147895	0.0215409	-0.00605687	-0.0173869	-0.00284285	0.0123428	0.0067149	-0.0103938	0.00130304	0.0112864	-0.0265475	-0.047864	0.0588598	0.28625	0.425901	0.306206	0.0538658	-0.0739622	-0.0215102	0.043905	-0.0220872	
0.0117771	-0.0275569	0.00420565	0.0303108	-0.00485636	-0.0203727	-0.0046605	0.00269553	0.00506347	0.010244	0.00393945	-0.00252541	-0.00940447	-0.00648616	0.00766258	-0.00823067	-0.0392395	0.036977	0.276623	0.449912	0.304731	0.0351016	-0.0609958	0.0046332	-0.00519451	
-0.0109264	-0.00570844	0.0223525	0.0160831	-0.0107929	-0.0257201	-0.00302692	0.0146216	0.00953538	-0.000430127	-0.00425975	0.005136	-0.0044272	-0.0143886	0.00917999	0.0197945	-0.0200214	-0.0561391	0.041316	0.283966	0.439074	0.331237	0.0427294	-0.108751	0.0239201	
-0.016135	0.0259093	0.00178627	-0.0174077	-0.00121554	0.00678894	0.00134788	-0.00288707	0.00259206	0.00489955	-0.00718734	-0.00644446	0.0072773	0.0094301	-0.00397092	-0.00755132	0.00868985	-0.00617021	-0.0535002	0.0205234	0.287521	0.482556	0.313236	-0.00913065	-0.0466033	
0.01954	-0.00434623	-0.0243293	-0.00678646	0.00696323	0.0154164	0.00584095	-0.00856545	-0.00727136	0.000326462	-0.00103882	-0.00252579	0.00702632	0.0104596	-0.0030946	-0.0124212	-0.000519335	0.0139283	-0.00912034	-0.0484504	0.024709	0.267285	0.479481	0.362526	-0.0906792	
0.0241317	-0.028946	-0.00603139	0.0093537	0.00419195	-0.00340227	0.000706641	0.00596784	-0.00433196	-0.0100693	0.00495124	0.0102578	-0.00407204	-0.00978195	0.00460587	0.0104273	-0.0074712	-0.00990473	0.0203511	0.00915338	-0.06461	-0.0171927	0.29162	0.5324	0.232048	
-0.0385172	0.0298231	0.0275464	-0.00565938	-0.0145437	-0.0016623	-0.00396706	-0.000881459	0.00599567	0.00811739	0.00609231	-0.00990765	-0.00984383	0.000906424	-0.000443937	0.00397132	0.0119374	0.00358812	-0.0125745	-0.00129136	0.00970317	-0.0522965	-0.0379585	0.285583	0.790636	

# The covariance matrix without considering bias from the input model (Cov^{Wiener}) of the unfolded [U235] antineutrino energy spectrum based on Wiener-SVD method. 
# A reminder that the content in the antineutrino energy spectrum has been divided by the bin width. 
1.03262e-89	4.25538e-90	9.3095e-91	1.45308e-90	2.26127e-90	2.14884e-90	1.85514e-90	1.732e-90	1.62621e-90	1.71428e-90	2.09977e-90	2.21614e-90	1.68231e-90	9.55438e-91	6.99659e-91	8.89646e-91	1.02691e-90	1.01889e-90	9.89058e-91	5.9477e-91	-1.69658e-91	-2.51447e-91	6.3542e-91	6.99701e-91	-1.05599e-91	
4.25538e-90	7.79296e-90	6.68833e-90	3.44279e-90	2.76514e-90	3.73895e-90	4.01672e-90	3.76424e-90	3.98189e-90	4.19324e-90	3.62426e-90	2.94128e-90	2.98747e-90	3.22641e-90	2.73922e-90	1.9147e-90	1.71055e-90	1.80131e-90	1.26302e-90	6.74151e-91	1.03287e-90	1.27637e-90	2.26847e-91	-3.37216e-91	1.40871e-91	
9.3095e-91	6.68833e-90	1.12701e-89	1.02593e-89	6.70363e-90	5.15736e-90	6.28619e-90	7.5638e-90	7.3037e-90	6.22262e-90	5.61023e-90	5.5411e-90	5.32404e-90	4.97636e-90	4.82596e-90	4.41313e-90	3.2207e-90	1.84916e-90	1.5347e-90	2.29266e-90	2.49592e-90	1.26003e-90	-4.06237e-92	2.51667e-91	2.11493e-91	
1.45308e-90	3.44279e-90	1.02593e-89	1.5421e-89	1.42506e-89	1.05738e-89	8.94266e-90	9.30312e-90	9.50545e-90	8.90059e-90	8.25305e-90	7.87605e-90	7.44987e-90	6.94782e-90	6.57702e-90	5.85249e-90	4.25484e-90	2.84042e-90	2.96491e-90	3.50322e-90	2.48352e-90	8.30176e-91	6.52341e-91	1.25208e-90	1.38302e-91	
2.26127e-90	2.76514e-90	6.70363e-90	1.42506e-89	1.99864e-89	1.92654e-89	1.42871e-89	1.06515e-89	1.04291e-89	1.13541e-89	1.1059e-89	9.8484e-90	9.24835e-90	8.99748e-90	7.69554e-90	5.76708e-90	4.9707e-90	5.33503e-90	4.91016e-90	3.09124e-90	1.62428e-90	1.50767e-90	1.73913e-90	1.33166e-90	1.0622e-91	
2.14884e-90	3.73895e-90	5.15736e-90	1.05738e-89	1.92654e-89	2.41198e-89	2.1724e-89	1.60864e-89	1.25415e-89	1.21154e-89	1.25718e-89	1.2295e-89	1.12828e-89	9.68823e-90	7.6727e-90	6.35816e-90	6.61592e-90	7.02619e-90	5.44785e-90	2.73977e-90	1.71001e-90	2.33506e-90	2.20463e-90	1.14818e-90	1.31314e-91	
1.85514e-90	4.01672e-90	6.28619e-90	8.94266e-90	1.42871e-89	2.1724e-89	2.6246e-89	2.41872e-89	1.80848e-89	1.35423e-89	1.29403e-89	1.37298e-89	1.2478e-89	9.52663e-90	7.84718e-90	8.18733e-90	8.32886e-90	6.75982e-90	4.65447e-90	3.49471e-90	3.00039e-90	2.43134e-90	1.7906e-90	1.36808e-90	1.74488e-91	
1.732e-90	3.76424e-90	7.5638e-90	9.30312e-90	1.06515e-89	1.60864e-89	2.41872e-89	2.83612e-89	2.53409e-89	1.8857e-89	1.42884e-89	1.26335e-89	1.1564e-89	1.02066e-89	9.60978e-90	9.50847e-90	8.22962e-90	5.80053e-90	4.35623e-90	4.46935e-90	4.04698e-90	2.33367e-90	1.21442e-90	1.46691e-90	2.46988e-91	
1.62621e-90	3.98189e-90	7.3037e-90	9.50545e-90	1.04291e-89	1.25415e-89	1.80848e-89	2.53409e-89	2.90659e-89	2.58614e-89	1.80606e-89	1.15161e-89	9.86162e-90	1.12702e-89	1.15674e-89	9.39844e-90	6.68202e-90	5.30685e-90	5.0884e-90	4.87202e-90	3.99635e-90	2.45915e-90	1.11251e-90	1.12492e-90	3.17475e-91	
1.71428e-90	4.19324e-90	6.22262e-90	8.90059e-90	1.13541e-89	1.21154e-89	1.35423e-89	1.8857e-89	2.58614e-89	2.80058e-89	2.25348e-89	1.45194e-89	1.06084e-89	1.09954e-89	1.09462e-89	8.42133e-90	5.87507e-90	5.37844e-90	5.59369e-90	4.78038e-90	3.50251e-90	2.43709e-90	1.31368e-90	9.60173e-91	3.01888e-91	
2.09977e-90	3.62426e-90	5.61023e-90	8.25305e-90	1.1059e-89	1.25718e-89	1.29403e-89	1.42884e-89	1.80606e-89	2.25348e-89	2.40675e-89	2.09017e-89	1.49856e-89	1.00062e-89	7.74023e-90	7.10047e-90	6.53985e-90	5.76763e-90	5.10266e-90	4.38349e-90	3.27317e-90	2.0996e-90	1.43446e-90	1.30775e-90	1.9558e-91	
2.21614e-90	2.94128e-90	5.5411e-90	7.87605e-90	9.8484e-90	1.2295e-89	1.37298e-89	1.26335e-89	1.15161e-89	1.45194e-89	2.09017e-89	2.41851e-89	1.97236e-89	1.11553e-89	5.82827e-90	5.70063e-90	6.83544e-90	6.07157e-90	4.48105e-90	3.70554e-90	3.00092e-90	1.93705e-90	1.52776e-90	1.49451e-90	1.08879e-91	
1.68231e-90	2.98747e-90	5.32404e-90	7.44987e-90	9.24835e-90	1.12828e-89	1.2478e-89	1.1564e-89	9.86162e-90	1.06084e-89	1.49856e-89	1.97236e-89	2.00363e-89	1.49395e-89	8.55041e-90	5.30394e-90	5.31334e-90	5.60622e-90	4.51042e-90	3.01389e-90	2.34048e-90	2.15774e-90	1.68195e-90	1.0465e-90	1.16259e-91	
9.55438e-91	3.22641e-90	4.97636e-90	6.94782e-90	8.99748e-90	9.68823e-90	9.52663e-90	1.02066e-89	1.12702e-89	1.09954e-89	1.00062e-89	1.11553e-89	1.49395e-89	1.70864e-89	1.38275e-89	7.63193e-90	3.89652e-90	3.84514e-90	4.10499e-90	2.9128e-90	2.05712e-90	2.09088e-90	1.50985e-90	6.68047e-91	1.51822e-91	
6.99659e-91	2.73922e-90	4.82596e-90	6.57702e-90	7.69554e-90	7.6727e-90	7.84718e-90	9.60978e-90	1.15674e-89	1.09462e-89	7.74023e-90	5.82827e-90	8.55041e-90	1.38275e-89	1.57826e-89	1.17953e-89	5.53388e-90	2.11446e-90	2.29223e-90	3.12554e-90	2.63247e-90	1.46607e-90	8.46292e-91	8.80883e-91	1.47591e-91	
8.89646e-91	1.9147e-90	4.41313e-90	5.85249e-90	5.76708e-90	6.35816e-90	8.18733e-90	9.50847e-90	9.39844e-90	8.42133e-90	7.10047e-90	5.70063e-90	5.30394e-90	7.63193e-90	1.17953e-89	1.32466e-89	9.20625e-90	3.21414e-90	9.38362e-91	2.33206e-90	2.76612e-90	1.1654e-90	3.66075e-91	9.51305e-91	1.4663e-91	
1.02691e-90	1.71055e-90	3.2207e-90	4.25484e-90	4.9707e-90	6.61592e-90	8.32886e-90	8.22962e-90	6.68202e-90	5.87507e-90	6.53985e-90	6.83544e-90	5.31334e-90	3.89652e-90	5.53388e-90	9.20625e-90	1.0426e-89	7.14034e-90	2.60518e-90	7.526e-91	1.24219e-90	1.41298e-90	6.62093e-91	4.62582e-91	1.66573e-91	
1.01889e-90	1.80131e-90	1.84916e-90	2.84042e-90	5.33503e-90	7.02619e-90	6.75982e-90	5.80053e-90	5.30685e-90	5.37844e-90	5.76763e-90	6.07157e-90	5.60622e-90	3.84514e-90	2.11446e-90	3.21414e-90	7.14034e-90	9.30673e-90	6.16011e-90	1.02483e-90	-5.22394e-91	8.844e-91	1.15825e-90	3.76988e-91	1.2604e-91	
9.89058e-91	1.26302e-90	1.5347e-90	2.96491e-90	4.91016e-90	5.44785e-90	4.65447e-90	4.35623e-90	5.0884e-90	5.59369e-90	5.10266e-90	4.48105e-90	4.51042e-90	4.10499e-90	2.29223e-90	9.38362e-91	2.60518e-90	6.16011e-90	7.21484e-90	4.06008e-90	2.65478e-91	-5.52369e-91	7.05354e-91	1.07023e-90	3.44829e-92	
5.9477e-91	6.74151e-91	2.29266e-90	3.50322e-90	3.09124e-90	2.73977e-90	3.49471e-90	4.46935e-90	4.87202e-90	4.78038e-90	4.38349e-90	3.70554e-90	3.01389e-90	2.9128e-90	3.12554e-90	2.33206e-90	7.526e-91	1.02483e-90	4.06008e-90	5.95522e-90	3.41656e-90	-2.2175e-91	-4.71334e-91	8.72388e-91	5.0271e-92	
-1.69658e-91	1.03287e-90	2.49592e-90	2.48352e-90	1.62428e-90	1.71001e-90	3.00039e-90	4.04698e-90	3.99635e-90	3.50251e-90	3.27317e-90	3.00092e-90	2.34048e-90	2.05712e-90	2.63247e-90	2.76612e-90	1.24219e-90	-5.22394e-91	2.65478e-91	3.41656e-90	5.00768e-90	2.77346e-90	-4.63523e-91	-8.44979e-91	1.31101e-91	
-2.51447e-91	1.27637e-90	1.26003e-90	8.30176e-91	1.50767e-90	2.33506e-90	2.43134e-90	2.33367e-90	2.45915e-90	2.43709e-90	2.0996e-90	1.93705e-90	2.15774e-90	2.09088e-90	1.46607e-90	1.1654e-90	1.41298e-90	8.844e-91	-5.52369e-91	-2.2175e-91	2.77346e-90	4.22208e-90	1.43104e-90	-1.22245e-90	-1.71692e-92	
6.3542e-91	2.26847e-91	-4.06237e-92	6.52341e-91	1.73913e-90	2.20463e-90	1.7906e-90	1.21442e-90	1.11251e-90	1.31368e-90	1.43446e-90	1.52776e-90	1.68195e-90	1.50985e-90	8.46292e-91	3.66075e-91	6.62093e-91	1.15825e-90	7.05354e-91	-4.71334e-91	-4.63523e-91	1.43104e-90	2.8142e-90	1.19926e-90	-2.56459e-91	
6.99701e-91	-3.37216e-91	2.51667e-91	1.25208e-90	1.33166e-90	1.14818e-90	1.36808e-90	1.46691e-90	1.12492e-90	9.60173e-91	1.30775e-90	1.49451e-90	1.0465e-90	6.68047e-91	8.80883e-91	9.51305e-91	4.62582e-91	3.76988e-91	1.07023e-90	8.72388e-91	-8.44979e-91	-1.22245e-90	1.19926e-90	2.55554e-90	7.9225e-92	
-1.05599e-91	1.40871e-91	2.11493e-91	1.38302e-91	1.0622e-91	1.31314e-91	1.74488e-91	2.46988e-91	3.17475e-91	3.01888e-91	1.9558e-91	1.08879e-91	1.16259e-91	1.51822e-91	1.47591e-91	1.4663e-91	1.66573e-91	1.2604e-91	3.44829e-92	5.0271e-92	1.31101e-91	-1.71692e-92	-2.56459e-91	7.9225e-92	1.33189e-91	

# Unfolded [Pu combo] antineutrino energy spectrum based on Wiener-SVD method. 
# The antineutrino energy spectrum removing the IBD cross section is also provided. 
# The content in each bin has been divided by the bin width. 
# Bin_Center[MeV]	Sigma(w/ IBD cross section)[cm^2/fission/MeV]	Sigma(w/o IBD cross section)[cm^2/fission/MeV]
1.925	3.42276e-44	1.60701
2.175	6.43266e-44	1.07521
2.425	1.01023e-43	0.939303
2.675	1.29558e-43	0.774909
2.925	1.49842e-43	0.630459
3.175	1.64328e-43	0.514339
3.425	1.71665e-43	0.415308
3.675	1.7244e-43	0.332984
3.925	1.68418e-43	0.265778
4.175	1.56321e-43	0.205306
4.425	1.34352e-43	0.149462
4.675	1.11112e-43	0.105958
4.925	9.72068e-44	0.0803804
5.175	9.23642e-44	0.0668625
5.425	8.81281e-44	0.056381
5.675	7.7587e-44	0.0441507
5.925	6.03518e-44	0.0308151
6.175	4.24188e-44	0.0195208
6.425	3.11334e-44	0.0129677
6.675	2.64177e-44	0.0100234
6.925	2.16565e-44	0.00752033
7.175	1.46693e-44	0.00467898
7.425	9.46954e-45	0.00278478
7.675	8.65791e-45	0.0023572
8.65	1.44333e-45	0.000324331

# The smearing matrix (A_c) of the unfolded [Pu combo] antineutrino energy spectrum based on Wiener-SVD method. 
0.723907	0.310711	0.027633	-0.0408818	-0.028609	-0.00641776	0.00656548	0.00684228	-0.0042848	-0.0119706	-0.00244611	0.013535	0.0188593	0.00506963	-0.0163507	-0.0224387	-0.00474722	0.0181726	0.0206002	-0.00406154	-0.0270368	-0.0170213	0.0187917	0.025427	-0.0336165	
0.365013	0.395304	0.202887	0.053996	0.00462013	-0.011352	-0.0165375	-0.0116092	0.00267538	0.0138984	0.00944341	-0.00429624	-0.0143935	-0.0075263	0.0108736	0.0149604	0.000878414	-0.0130686	-0.0129691	-0.000518026	0.0135647	0.00977854	-0.0192198	-0.0310295	0.0208585	
0.0663049	0.266332	0.365131	0.244158	0.0881418	-0.00445851	-0.0255529	-0.0113445	0.00718036	0.0139457	0.00374563	-0.014108	-0.0238403	-0.00929257	0.0208645	0.0325941	0.0109768	-0.0280072	-0.0403458	0.000785543	0.043451	0.0180125	-0.0430361	-0.0436593	0.0382536	
-0.051293	0.087814	0.300735	0.359383	0.229066	0.0813126	0.015477	0.00350586	-0.00296183	-0.0155418	-0.016695	-0.00794918	-0.000493377	0.00231908	0.00860902	0.0135722	0.00483648	-0.0109338	-0.0153065	-0.00488161	0.00867229	0.00523969	-0.00661659	-0.0118045	0.000166564	
-0.0551238	-0.00159007	0.124582	0.268126	0.326719	0.244733	0.12063	0.0338025	-0.0191812	-0.0420625	-0.0249105	0.00124948	0.0166233	0.0147573	-0.0042329	-0.0206633	-0.00906421	0.0238658	0.0268064	-0.0173879	-0.0429391	-0.0127465	0.0415576	0.0343825	-0.0517008	
-0.0121236	-0.0338497	-0.00977143	0.109068	0.278882	0.345736	0.255167	0.107387	0.00274599	-0.0337991	-0.0197799	0.00170459	0.0122597	0.00653446	-0.0134492	-0.0256084	-0.00484472	0.0337497	0.0326955	-0.0185893	-0.0500763	-0.0215469	0.0457164	0.0497652	-0.0617418	
0.027835	-0.0508879	-0.0565516	0.0193433	0.150147	0.279204	0.310221	0.22606	0.103737	0.0211122	-0.00243126	-0.00555718	-0.0133651	-0.0207707	-0.0127954	0.00445213	0.0125672	0.00850515	0.00109369	-0.00582314	-0.00956812	-0.0113788	0.00371865	0.0113757	-0.0140123	
0.0316411	-0.0443394	-0.0382625	-0.00275018	0.0400547	0.119628	0.235576	0.30101	0.248361	0.132002	0.0418591	-0.012271	-0.0439431	-0.0401154	-0.000861333	0.0296391	0.0175563	-0.01772	-0.0287601	0.00326796	0.0373587	0.0103934	-0.0462374	-0.0448316	0.0479755	
0.00337468	-0.00707215	0.000711486	-0.00773003	-0.0259883	0.00015191	0.11018	0.256187	0.324683	0.263547	0.130729	0.0112772	-0.0450206	-0.034612	0.00406848	0.0206173	0.00396559	-0.021807	-0.0275585	0.00598547	0.0476409	0.0184919	-0.0582993	-0.0617732	0.0644805	
-0.0157166	0.0267474	0.0209774	-0.0191329	-0.0486148	-0.0366896	0.0257426	0.139099	0.265364	0.314411	0.239415	0.108524	0.0158813	-0.0119496	-0.0106317	-0.0133103	-0.0159242	-0.00908788	0.000376587	0.00850293	0.0146042	0.00145519	-0.0209555	-0.021907	0.0190513	
0.00619956	0.0201763	0.00390423	-0.0248417	-0.0317639	-0.0247123	-0.00253243	0.04185	0.125425	0.231037	0.29189	0.255966	0.142244	0.0316983	-0.0265286	-0.0439858	-0.0303032	0.0051243	0.0260733	0.00551806	-0.0266132	-0.0186365	0.0292963	0.0355823	-0.0458342	
0.0492649	-0.0157512	-0.0329241	-0.0134236	0.000671152	-0.000264089	-0.00409447	-0.00946821	0.00766577	0.0933919	0.239916	0.334804	0.278196	0.125436	0.00105186	-0.0456832	-0.0323374	0.00560803	0.0205754	-0.00737851	-0.0358008	-0.0135523	0.0486827	0.0507863	-0.0691403	
0.0641442	-0.0376794	-0.0478001	0.000707258	0.022548	0.016159	-0.00547928	-0.0311648	-0.0363765	0.00923401	0.124568	0.263628	0.325416	0.252697	0.108841	0.00844402	-0.0187258	-0.0141259	-0.0163801	-0.022182	-0.00909217	0.0151301	0.0274864	0.00870624	-0.0324716	
0.0273531	-0.0201523	-0.0198983	0.00428437	0.0205341	0.0112992	-0.0117733	-0.0258273	-0.0221045	-0.00897615	0.0243087	0.110091	0.239741	0.31629	0.26161	0.136563	0.0251896	-0.0388993	-0.0560307	-0.0278691	0.0230657	0.0344093	-0.00964686	-0.0372019	0.0198714	
-0.0275339	0.0142147	0.0235955	0.00781486	-0.00323376	-0.0120124	-0.00991731	0.00198228	0.00608167	-0.00813051	-0.0248476	-0.00399581	0.0965805	0.250815	0.340688	0.287089	0.127088	-0.0177132	-0.0638138	-0.0253457	0.0239307	0.0185013	-0.0270635	-0.0330741	0.0345308	
-0.0435165	0.0219289	0.0403958	0.0128695	-0.0235523	-0.0254808	0.00299288	0.0231248	0.0152977	-0.00984273	-0.0325588	-0.0374483	0.00313711	0.117191	0.265342	0.339336	0.263978	0.104283	-0.00547132	-0.0254494	-0.0172021	-0.0195492	-0.0117269	0.00870185	0.00945145	
-0.00805243	-0.00105755	0.0148897	0.00357145	-0.0131858	-0.00564552	0.0101673	0.0141199	0.00371835	-0.00948568	-0.0164254	-0.0210397	-0.0168298	0.0142738	0.102	0.238835	0.331699	0.287911	0.136462	-0.00625892	-0.0655407	-0.0488181	0.00905064	0.0368744	-0.0150005	
0.0342363	-0.0185183	-0.0302031	-0.0128947	0.0163132	0.025359	0.00535983	-0.00987483	-0.011627	-0.00486402	0.00707239	0.00577679	-0.00931375	-0.0281807	-0.0166928	0.0815028	0.257158	0.376999	0.303434	0.0967894	-0.0466468	-0.0575675	-0.00271494	0.024001	-0.00867212	
0.0375746	-0.0137853	-0.0429733	-0.0119421	0.0225838	0.0247111	0.00178261	-0.0152637	-0.0141799	0.00124179	0.0179212	0.0149057	-0.00728733	-0.0310883	-0.0392566	-0.00567955	0.104409	0.268705	0.361009	0.279271	0.0982009	-0.0265633	-0.0471927	-0.0166432	0.0157709	
0.0037313	-0.00202525	-0.00150656	0.0026602	-0.00430593	-0.00605021	0.00161844	0.00309837	0.00263718	0.00614288	0.00484009	-8.1257e-05	-0.00790226	-0.0115133	-0.00824109	-0.012723	-0.00916811	0.0698931	0.248608	0.383585	0.307512	0.100101	-0.0529391	-0.0601236	0.0183851	
-0.025763	0.00805684	0.0345458	0.00918754	-0.0222573	-0.0248801	-0.00288124	0.0167269	0.0207518	0.00716587	-0.0147585	-0.016587	-0.00251002	0.0131757	0.0170108	-0.00565462	-0.0420787	-0.0387145	0.0763883	0.27904	0.394095	0.30479	0.0822199	-0.0601872	-0.0306505	
-0.0151613	0.00880877	0.0103949	0.00392783	-0.00465269	-0.0100393	-0.00452077	0.00600949	0.0106156	0.00253031	-0.011048	-0.0089961	0.00560866	0.0156783	0.00991484	-0.00785923	-0.0218151	-0.0295732	-0.0185791	0.0718775	0.261111	0.406909	0.32241	0.0730489	-0.100369	
0.019967	-0.0100551	-0.0269661	-0.00335644	0.0169893	0.0158141	0.00205856	-0.012277	-0.015507	-0.00447202	0.00945404	0.0139936	0.00687783	-0.00526819	-0.0106167	-0.00307491	0.00841289	0.0046503	-0.0249254	-0.0413108	0.0528583	0.270894	0.433392	0.322636	-0.0439359	
0.0186866	-0.0158954	-0.0123093	-0.00429727	0.00653389	0.0128747	0.00430225	-0.00753963	-0.0118101	-0.00439887	0.0104221	0.0122604	-0.00106108	-0.0120979	-0.0077924	0.00577418	0.0128913	0.00796135	-0.00482175	-0.0268947	-0.0413318	0.0342031	0.26386	0.448485	0.288227	
-0.0277311	0.0177606	0.0250712	0.0021846	-0.0185249	-0.0183234	-0.00269029	0.0164739	0.019503	0.00491643	-0.0104138	-0.0199544	-0.00955906	0.0101386	0.0148304	0.00509211	-0.00627874	-0.00402204	0.0102912	0.0107076	-0.0304937	-0.0827692	0.0135238	0.34194	0.714559	

# The covariance matrix without considering bias from the input model (Cov^{Wiener}) of the unfolded [Pu combo] antineutrino energy spectrum based on Wiener-SVD method. 
# A reminder that the content in the antineutrino energy spectrum has been divided by the bin width. 
2.24317e-89	1.32012e-89	4.27041e-90	7.07394e-91	1.45829e-90	3.51376e-90	4.55927e-90	4.0091e-90	2.90494e-90	2.82752e-90	4.22948e-90	5.70967e-90	5.40191e-90	3.02908e-90	4.59272e-91	-1.04586e-91	1.47974e-90	3.12239e-90	2.78919e-90	7.3557e-91	-7.79142e-91	-1.85175e-91	1.29375e-90	1.04468e-90	-1.21855e-91	
1.32012e-89	1.57574e-89	1.46322e-89	1.06158e-89	7.1013e-90	5.37277e-90	5.37481e-90	6.75217e-90	8.53143e-90	9.12425e-90	7.734e-90	5.50181e-90	4.38727e-90	4.99871e-90	5.87965e-90	5.26531e-90	3.24446e-90	1.52322e-90	1.29444e-90	2.05334e-90	2.37584e-90	1.41255e-90	-1.87217e-92	4.67734e-92	2.41355e-91	
4.27041e-90	1.46322e-89	2.43617e-89	2.48348e-89	1.83738e-89	1.21045e-89	1.03251e-89	1.23553e-89	1.47417e-89	1.45149e-89	1.1423e-89	7.95429e-90	6.91076e-90	8.72159e-90	1.08421e-89	1.01135e-89	6.08136e-90	1.83256e-90	1.03137e-90	3.51126e-90	4.95478e-90	2.63434e-90	-4.72855e-91	8.50681e-92	4.64238e-91	
7.07394e-91	1.06158e-89	2.48348e-89	3.34845e-89	3.2409e-89	2.64339e-89	2.15915e-89	1.93374e-89	1.79568e-89	1.61859e-89	1.44175e-89	1.34338e-89	1.32298e-89	1.32067e-89	1.27266e-89	1.11529e-89	8.33886e-90	5.44518e-90	4.08414e-90	4.21555e-90	4.12232e-90	2.82482e-90	1.3873e-90	1.34048e-90	3.42338e-91	
1.45829e-90	7.1013e-90	1.83738e-89	3.2409e-89	4.25568e-89	4.37363e-89	3.70797e-89	2.77401e-89	2.0401e-89	1.72359e-89	1.77074e-89	1.93017e-89	1.93742e-89	1.6869e-89	1.29927e-89	1.02485e-89	9.88418e-90	1.01859e-89	8.34286e-90	4.45498e-90	1.88328e-90	2.49768e-90	3.90876e-90	2.97817e-90	9.20045e-92	
3.51376e-90	5.37277e-90	1.21045e-89	2.64339e-89	4.37363e-89	5.36901e-89	5.06157e-89	3.8888e-89	2.75185e-89	2.19832e-89	2.16868e-89	2.28238e-89	2.20435e-89	1.83998e-89	1.37257e-89	1.11225e-89	1.1667e-89	1.26286e-89	1.03638e-89	5.22932e-90	1.66524e-90	2.44505e-90	4.75907e-90	3.85936e-90	5.44334e-92	
4.55927e-90	5.37481e-90	1.03251e-89	2.15915e-89	3.70797e-89	5.06157e-89	5.57115e-89	5.10419e-89	4.12714e-89	3.22755e-89	2.66548e-89	2.34679e-89	2.08068e-89	1.80581e-89	1.58887e-89	1.46159e-89	1.3516e-89	1.18036e-89	9.40651e-90	6.65821e-90	4.25774e-90	3.21043e-90	3.43375e-90	3.34555e-90	3.49831e-91	
4.0091e-90	6.75217e-90	1.23553e-89	1.93374e-89	2.77401e-89	3.8888e-89	5.10419e-89	5.83486e-89	5.61881e-89	4.59682e-89	3.33656e-89	2.34056e-89	1.8215e-89	1.73958e-89	1.8455e-89	1.79365e-89	1.43129e-89	9.73983e-90	7.55891e-90	7.91393e-90	7.51295e-90	4.4613e-90	1.40624e-90	2.05177e-90	7.55224e-91	
2.90494e-90	8.53143e-90	1.47417e-89	1.79568e-89	2.0401e-89	2.75185e-89	4.12714e-89	5.61881e-89	6.30231e-89	5.68893e-89	4.16297e-89	2.64129e-89	1.82921e-89	1.75428e-89	1.9138e-89	1.80887e-89	1.35601e-89	8.72061e-90	7.06418e-90	8.44559e-90	8.77867e-90	5.08904e-90	6.11712e-91	1.35404e-90	9.11866e-91	
2.82752e-90	9.12425e-90	1.45149e-89	1.61859e-89	1.72359e-89	2.19832e-89	3.22755e-89	4.59682e-89	5.68893e-89	5.82177e-89	4.86597e-89	3.45199e-89	2.37135e-89	1.87841e-89	1.6874e-89	1.47299e-89	1.17837e-89	9.31873e-90	8.3238e-90	8.22178e-90	7.23404e-90	4.45772e-90	1.73413e-90	1.99095e-90	6.66446e-91	
4.22948e-90	7.734e-90	1.1423e-89	1.44175e-89	1.77074e-89	2.16868e-89	2.66548e-89	3.33656e-89	4.16297e-89	4.86597e-89	5.02181e-89	4.42713e-89	3.31293e-89	2.17035e-89	1.37937e-89	1.02586e-89	9.84708e-90	1.04116e-89	9.82515e-90	7.32331e-90	4.41768e-90	3.28471e-90	3.69156e-90	3.23694e-90	2.24758e-91	
5.70967e-90	5.50181e-90	7.95429e-90	1.34338e-89	1.93017e-89	2.28238e-89	2.34679e-89	2.34056e-89	2.64129e-89	3.45199e-89	4.42713e-89	4.79647e-89	4.09516e-89	2.68956e-89	1.41937e-89	8.27399e-90	8.43376e-90	1.02085e-89	9.55403e-90	5.99863e-90	2.76931e-90	2.88262e-90	4.69874e-90	3.61376e-90	-3.50358e-92	
5.40191e-90	4.38727e-90	6.91076e-90	1.32298e-89	1.93742e-89	2.20435e-89	2.08068e-89	1.8215e-89	1.82921e-89	2.37135e-89	3.31293e-89	4.09516e-89	4.11538e-89	3.25581e-89	2.03753e-89	1.14579e-89	8.20031e-90	7.83322e-90	6.85247e-90	4.76792e-90	3.39732e-90	3.5888e-90	3.87681e-90	2.55507e-90	7.3379e-92	
3.02908e-90	4.99871e-90	8.72159e-90	1.32067e-89	1.6869e-89	1.83998e-89	1.80581e-89	1.73958e-89	1.75428e-89	1.87841e-89	2.17035e-89	2.68956e-89	3.25581e-89	3.42108e-89	2.9017e-89	1.92915e-89	1.0071e-89	4.60861e-90	3.10071e-90	4.05339e-90	5.15586e-90	4.29231e-90	1.94738e-90	1.1126e-90	3.72023e-91	
4.59272e-91	5.87965e-90	1.08421e-89	1.27266e-89	1.29927e-89	1.37257e-89	1.58887e-89	1.8455e-89	1.9138e-89	1.6874e-89	1.37937e-89	1.41937e-89	2.03753e-89	2.9017e-89	3.26891e-89	2.67311e-89	1.44014e-89	4.00926e-90	1.00051e-90	3.54021e-90	5.59993e-90	3.7608e-90	5.67808e-91	6.72281e-91	5.30694e-91	
-1.04586e-91	5.26531e-90	1.01135e-89	1.11529e-89	1.02485e-89	1.11225e-89	1.46159e-89	1.79365e-89	1.80887e-89	1.47299e-89	1.02586e-89	8.27399e-90	1.14579e-89	1.92915e-89	2.67311e-89	2.72023e-89	1.92098e-89	8.71407e-90	2.92095e-90	2.62605e-90	3.22966e-90	2.05112e-90	7.67904e-91	1.36704e-90	4.14953e-91	
1.47974e-90	3.24446e-90	6.08136e-90	8.33886e-90	9.88418e-90	1.1667e-89	1.3516e-89	1.43129e-89	1.35601e-89	1.17837e-89	9.84708e-90	8.43376e-90	8.20031e-90	1.0071e-89	1.44014e-89	1.92098e-89	2.05752e-89	1.62984e-89	8.63315e-90	2.13054e-90	-5.23634e-91	1.67755e-91	1.82724e-90	2.19067e-90	1.83777e-91	
3.12239e-90	1.52322e-90	1.83256e-90	5.44518e-90	1.01859e-89	1.26286e-89	1.18036e-89	9.73983e-90	8.72061e-90	9.31873e-90	1.04116e-89	1.02085e-89	7.83322e-90	4.60861e-90	4.00926e-90	8.71407e-90	1.62984e-89	1.96198e-89	1.4165e-89	4.21105e-90	-1.74906e-90	-9.96887e-91	1.89185e-90	2.20589e-90	8.42905e-92	
2.78919e-90	1.29444e-90	1.03137e-90	4.08414e-90	8.34286e-90	1.03638e-89	9.40651e-90	7.55891e-90	7.06418e-90	8.3238e-90	9.82515e-90	9.55403e-90	6.85247e-90	3.10071e-90	1.00051e-90	2.92095e-90	8.63315e-90	1.4165e-89	1.44654e-89	8.8323e-90	2.21085e-90	-5.92744e-91	1.39933e-91	1.18066e-90	1.76971e-91	
7.3557e-91	2.05334e-90	3.51126e-90	4.21555e-90	4.45498e-90	5.22932e-90	6.65821e-90	7.91393e-90	8.44559e-90	8.22178e-90	7.32331e-90	5.99863e-90	4.76792e-90	4.05339e-90	3.54021e-90	2.62605e-90	2.13054e-90	4.21105e-90	8.8323e-90	1.16243e-89	8.62598e-90	2.25161e-90	-1.49124e-90	-5.45201e-91	2.48468e-91	
-7.79142e-91	2.37584e-90	4.95478e-90	4.12232e-90	1.88328e-90	1.66524e-90	4.25774e-90	7.51295e-90	8.77867e-90	7.23404e-90	4.41768e-90	2.76931e-90	3.39732e-90	5.15586e-90	5.59993e-90	3.22966e-90	-5.23634e-91	-1.74906e-90	2.21085e-90	8.62598e-90	1.09131e-89	6.39189e-90	7.58112e-92	-1.77191e-90	1.95454e-92	
-1.85175e-91	1.41255e-90	2.63434e-90	2.82482e-90	2.49768e-90	2.44505e-90	3.21043e-90	4.4613e-90	5.08904e-90	4.45772e-90	3.28471e-90	2.88262e-90	3.5888e-90	4.29231e-90	3.7608e-90	2.05112e-90	1.67755e-91	-9.96887e-91	-5.92744e-91	2.25161e-90	6.39189e-90	7.86109e-90	4.41666e-90	-6.3002e-91	-4.27152e-91	
1.29375e-90	-1.87217e-92	-4.72855e-91	1.3873e-90	3.90876e-90	4.75907e-90	3.43375e-90	1.40624e-90	6.11712e-91	1.73413e-90	3.69156e-90	4.69874e-90	3.87681e-90	1.94738e-90	5.67808e-91	7.67904e-91	1.82724e-90	1.89185e-90	1.39933e-91	-1.49124e-90	7.58112e-92	4.41666e-90	6.48677e-90	2.71758e-90	-4.37505e-91	
1.04468e-90	4.67734e-92	8.50681e-92	1.34048e-90	2.97817e-90	3.85936e-90	3.34555e-90	2.05177e-90	1.35404e-90	1.99095e-90	3.23694e-90	3.61376e-90	2.55507e-90	1.1126e-90	6.72281e-91	1.36704e-90	2.19067e-90	2.20589e-90	1.18066e-90	-5.45201e-91	-1.77191e-90	-6.3002e-91	2.71758e-90	4.78154e-90	5.64749e-91	
-1.21855e-91	2.41355e-91	4.64238e-91	3.42338e-91	9.20045e-92	5.44334e-92	3.49831e-91	7.55224e-91	9.11866e-91	6.66446e-91	2.24758e-91	-3.50358e-92	7.3379e-92	3.72023e-91	5.30694e-91	4.14953e-91	1.83777e-91	8.42905e-92	1.76971e-91	2.48468e-91	1.95454e-92	-4.27152e-91	-4.37505e-91	5.64749e-91	2.81146e-91	

# Unfolded [Total] antineutrino energy spectrum based on Wiener-SVD method. 
# The antineutrino energy spectrum removing the IBD cross section is also provided. 
# The content in each bin has been divided by the bin width. 
# Bin_Center[MeV]	Sigma(w/ IBD cross section)[cm^2/fission/MeV]	Sigma(w/o IBD cross section)[cm^2/fission/MeV]
1.925	2.74302e-44	1.28793
2.175	6.34555e-44	1.06046
2.425	9.44456e-44	0.877182
2.675	1.22995e-43	0.735927
2.925	1.43622e-43	0.603947
3.175	1.63544e-43	0.511274
3.425	1.72767e-43	0.417965
3.675	1.74413e-43	0.336692
3.925	1.73564e-43	0.273716
4.175	1.65553e-43	0.217448
4.425	1.5203e-43	0.169012
4.675	1.34853e-43	0.128543
4.925	1.22008e-43	0.100837
5.175	1.15088e-43	0.0833094
5.425	1.03621e-43	0.0662842
5.675	8.90243e-44	0.0506637
5.925	7.69172e-44	0.0392418
6.175	6.3008e-44	0.0289769
6.425	4.89161e-44	0.020378
6.675	3.97818e-44	0.0150936
6.925	3.10413e-44	0.0107762
7.175	2.19716e-44	0.00700768
7.425	1.50023e-44	0.0044098
7.675	9.93074e-45	0.00269983
8.65	2.05298e-45	0.000472029

# The smearing matrix (A_c) of the unfolded [Total] antineutrino energy spectrum based on Wiener-SVD method. 
0.89971	0.0952	0.135283	-0.256928	0.171611	-0.0108441	-0.154859	0.201485	-0.0508153	-0.069206	-0.00413248	0.125774	-0.0652753	-0.104333	0.117833	0.00681005	-0.0801067	0.0655493	-0.00880536	-0.0540285	0.0424166	0.0413462	-0.13026	0.155676	-0.0809768	
0.00818219	0.975895	0.0465655	-0.0474064	0.00318795	0.0184491	-0.0337048	0.0487012	-0.0133914	-0.0066081	-0.0211692	0.0615501	-0.0369556	-0.0373414	0.0403792	0.00182173	-0.0134783	0.0280217	-0.039295	0.00375248	0.0226963	-0.0234806	0.0131404	0.0042714	-0.015659	
0.0090837	0.0166049	0.95528	0.0237249	-0.026205	0.028873	-0.0258221	0.0358037	-0.0370268	0.0406543	-0.0180342	-1.52255e-05	0.000422274	-0.0100649	-0.00319401	0.00943196	0.0100765	0.000286603	-0.00902317	-0.0193247	0.00813727	0.0173636	-0.00187519	-0.020508	0.00347421	
-0.0343064	0.0290179	0.102741	0.776137	0.183796	-0.0459527	-0.0705429	0.0732686	0.0330105	-0.0704938	-0.0195799	0.121643	-0.088081	-0.0513093	0.0997296	-0.0334955	-0.0391311	0.0716341	-0.0263156	-0.0613794	0.0559155	0.0206108	-0.0667235	0.0600606	-0.0321291	
0.0274399	-0.0200146	-0.0727931	0.176158	0.789623	0.126306	-0.0339373	0.0450014	-0.0929033	0.0798776	0.00388018	-0.0626112	0.0441803	0.0158329	-0.0729847	0.0492161	0.049109	-0.0838	0.0163779	0.0424884	-0.0400273	-0.00172405	0.0237601	-0.0159275	-0.00440396	
-0.00416068	0.00394122	0.0135953	-0.0667904	0.152236	0.793819	0.198791	-0.145936	0.0683277	0.00465898	-0.0560308	0.0669881	-0.0389956	-0.00142695	0.0374707	-0.0431205	0.0149596	0.00596734	-0.0130848	0.0130104	-0.000506425	-0.0128152	0.00446729	-0.00661208	-0.000629319	
-0.0201383	0.0282297	0.00289225	-0.0387615	-0.0126179	0.220462	0.634325	0.288134	-0.114318	-0.0174471	0.0308714	0.0022469	-0.0101841	0.00750023	0.0224422	-0.0182965	-0.045779	0.0342096	0.0540103	-0.0864825	0.0338255	0.0557253	-0.110034	0.0577284	-0.0104192	
0.0403143	-0.0380224	-0.0652016	0.0900273	0.0265161	-0.173937	0.344222	0.612665	0.198259	-0.031975	-0.00277503	-0.0264702	0.0130743	0.0712471	-0.0691817	-0.0272605	0.0800082	-0.0704759	0.00254974	0.0757602	-0.0649057	0.00853016	0.0258039	-0.081552	0.0509034	
0.00357918	0.00940437	-0.0777232	0.130225	-0.10702	0.0953235	-0.0945945	0.180077	0.680021	0.278188	-0.13096	0.00601439	0.0530025	-0.00918501	-0.031152	0.00540814	0.0339752	-0.0495567	0.00180796	0.0578718	-0.0322589	-0.00719234	-0.00610649	-0.0222791	0.0212547	
-0.0112918	-0.00746406	0.0517199	-0.0883635	0.0947286	-0.00927711	-0.0182372	-0.0937095	0.26769	0.613001	0.276138	-0.072404	-0.0194851	0.0224158	-0.00431422	0.0143581	-0.0363117	0.00169961	0.055569	-0.0653668	0.0362175	0.0325897	-0.111441	0.0848633	-0.0251999	
0.0162697	-0.0133863	-0.0348358	0.0367871	0.0256015	-0.0551371	0.0720431	-0.0300128	-0.131188	0.290828	0.668542	0.228637	-0.118756	0.0582104	0.0141879	-0.0671392	0.0532729	-0.0111355	-0.0217391	0.0469993	-0.0391639	-0.0050397	0.0370488	-0.0672093	0.0344394	
0.028899	0.00173716	-0.132349	0.201162	-0.154751	0.0661079	0.0376425	-0.0673038	0.00933624	-0.0410504	0.238661	0.586712	0.313339	-0.0580001	-0.0768672	0.0435636	0.036499	-0.0603956	0.0216509	0.0469264	-0.0847435	0.0483794	0.0101218	-0.0584981	0.0313448	
0.00643988	-0.0140551	0.0187616	-0.0378151	0.0518812	-0.0347232	0.0333291	-0.0402435	0.0354152	0.00703188	-0.131152	0.269279	0.674462	0.255429	-0.128888	0.022723	0.0376699	-0.0457387	0.0336956	-0.01137	-0.0263398	0.0598891	-0.0827629	0.0537416	-0.0185358	
-0.00438206	0.000958522	0.0083747	-0.0138212	0.0157504	-0.00825337	0.00868427	0.0192252	-0.0443316	0.0119523	0.0313427	-0.105852	0.235065	0.678712	0.265437	-0.13859	0.037807	0.0317585	-0.0677815	0.0537911	-0.000449942	-0.0382411	0.023041	-0.0205193	0.00844553	
0.0238975	-0.00717822	-0.0920447	0.156621	-0.129266	0.0499299	0.0530525	-0.0721496	-0.00656637	0.0231058	0.0378936	-0.0480764	-0.0886048	0.304453	0.598718	0.28416	-0.0769888	-0.0586878	0.0605089	0.0116155	-0.0468617	0.031942	-0.0145815	-0.027616	0.0208479	
0.0120367	-0.0145215	-0.00531811	-0.0127084	0.0540871	-0.0377178	0.0281471	-0.0424088	0.00799775	0.0415274	-0.0619058	0.0317755	0.0320886	-0.123911	0.259912	0.667419	0.248302	-0.120346	0.0376848	0.0184915	-0.0459899	0.0506683	-0.045249	-0.00502772	0.01309	
-0.00787203	0.00415397	0.0109823	-0.0270872	0.0356045	0.00880172	-0.0469586	0.0333124	0.00234917	-0.0358256	0.0313506	-0.0184041	0.0110818	0.0334028	-0.116194	0.226461	0.688883	0.274775	-0.151712	0.0387869	0.0307808	-0.0481606	0.0210164	-0.0177201	0.00631658	
0.0138509	-0.00664947	-0.0614026	0.131343	-0.122023	0.0263289	0.073178	-0.0608934	-0.021901	0.0373799	0.0106784	-0.0359091	-0.00422559	0.0680874	-0.0559856	-0.0946314	0.308928	0.602519	0.275851	-0.0832093	-0.0325232	0.0551978	-0.0496144	0.0263343	-0.0125847	
0.0171831	-0.0224167	-0.000832712	0.0103919	-0.00046746	-0.030981	0.0625387	-0.035021	-0.0265823	0.0571214	-0.0403736	-0.00131522	0.0386459	-0.0592449	0.0343387	0.0371944	-0.132278	0.248502	0.683947	0.261596	-0.14556	0.036246	0.0247258	-0.042135	0.0129003	
-0.0105778	0.0233375	-0.000822625	-0.044281	0.0398894	0.0263514	-0.0749598	0.0471343	0.0273151	-0.0585291	0.0344193	0.00338314	-0.0375318	0.0395335	-0.020163	0.00284561	0.0343197	-0.114892	0.23669	0.688049	0.247899	-0.123971	0.0354307	-0.0111363	-0.00160943	
0.0091171	-0.00247857	-0.0390109	0.07329	-0.0604783	0.00397822	0.048987	-0.0437128	-0.0105554	0.0458404	-0.0125291	-0.0339412	0.0154791	0.0283793	-0.0290081	-0.0177803	0.0578169	-0.0147409	-0.115697	0.259254	0.673329	0.274225	-0.175425	0.0758388	-0.0220525	
0.0161774	-0.0324367	0.00998328	0.0249026	-0.018497	-0.0240292	0.0490666	-0.0202001	-0.0243663	0.0366428	-0.0265462	0.00204997	0.0334412	-0.0415688	0.00626512	0.0351354	-0.0478865	0.0276337	0.0252677	-0.121747	0.250879	0.669242	0.273845	-0.163283	0.0481539	
-0.0246056	0.0331858	0.00830601	-0.0424021	0.0290696	0.0291788	-0.067718	0.0450449	0.0175709	-0.0663616	0.047563	0.0160162	-0.0511735	0.0402011	-0.0068512	-0.0231774	0.0374253	-0.0432051	0.0273111	0.0427669	-0.157819	0.256025	0.716999	0.191622	-0.0668483	
0.0220569	-0.0196541	-0.0266133	0.0432275	-0.0229802	-0.0133031	0.0482115	-0.0437814	-0.0100036	0.0579636	-0.0364249	-0.0221555	0.0397909	-0.0135224	-0.00719339	0.00835232	-0.0102725	0.0228488	-0.0232065	-0.0107572	0.0654077	-0.127836	0.16119	0.852881	0.0538989	
-0.0103629	0.00540107	0.0192354	-0.0166296	-0.000172796	0.00260153	-0.0172041	0.0299299	0.000576281	-0.0257375	0.013969	0.0126085	-0.0222712	0.00254551	0.00599862	0.00698855	0.00069186	-0.0145718	0.010756	-0.00625858	-0.00919955	0.0286411	-0.0529393	0.0646228	0.958905	

# The covariance matrix without considering bias from the input model (Cov^{Wiener}) of the unfolded [Total] antineutrino energy spectrum based on Wiener-SVD method. 
# A reminder that the content in the antineutrino energy spectrum has been divided by the bin width. 
4.95036e-90	1.75427e-91	1.33963e-90	8.36329e-91	1.0164e-90	6.34001e-91	4.76423e-91	6.34612e-91	3.10527e-91	3.27785e-91	3.17952e-91	2.74207e-91	3.0305e-91	2.08668e-91	3.15581e-91	2.77698e-91	5.35847e-92	1.61901e-91	2.31437e-91	-3.76335e-92	8.02732e-92	1.16483e-91	-1.89158e-91	1.6123e-91	-1.28574e-92	
1.75427e-91	2.52564e-90	1.57209e-90	1.97473e-90	1.55508e-90	1.47005e-90	1.34594e-90	1.17384e-90	1.26369e-90	1.09711e-90	1.04805e-90	9.95715e-91	8.97513e-91	1.05569e-90	9.4422e-91	6.61338e-91	6.81147e-91	6.23416e-91	4.24944e-91	4.58739e-91	3.14425e-91	1.29255e-91	2.14449e-91	4.99226e-92	2.02418e-92	
1.33963e-90	1.57209e-90	2.23202e-90	2.17859e-90	2.34555e-90	2.42109e-90	2.40019e-90	2.32568e-90	2.22441e-90	2.18015e-90	1.95557e-90	1.65245e-90	1.61335e-90	1.58549e-90	1.36122e-90	1.17948e-90	1.04241e-90	8.40416e-91	6.93972e-91	5.72053e-91	4.22299e-91	3.16566e-91	2.17725e-91	1.33888e-91	3.2697e-92	
8.36329e-91	1.97473e-90	2.17859e-90	3.09692e-90	2.90649e-90	3.19657e-90	3.21417e-90	3.17018e-90	3.20273e-90	2.80991e-90	2.64341e-90	2.50607e-90	2.09142e-90	2.05196e-90	1.98397e-90	1.53495e-90	1.35079e-90	1.25687e-90	8.98127e-91	7.25685e-91	6.37801e-91	4.23173e-91	2.78825e-91	2.07045e-91	4.2657e-92	
1.0164e-90	1.55508e-90	2.34555e-90	2.90649e-90	3.70489e-90	3.64986e-90	3.89961e-90	3.97538e-90	3.69262e-90	3.65978e-90	3.31846e-90	2.78817e-90	2.68886e-90	2.48627e-90	2.11393e-90	1.97012e-90	1.68351e-90	1.2741e-90	1.09398e-90	8.89582e-91	6.41564e-91	5.14841e-91	3.53666e-91	2.08157e-91	5.21909e-92	
6.34001e-91	1.47005e-90	2.42109e-90	3.19657e-90	3.64986e-90	4.63779e-90	4.46999e-90	4.3639e-90	4.59768e-90	4.16142e-90	3.77552e-90	3.48764e-90	2.98681e-90	2.81573e-90	2.61782e-90	2.15822e-90	1.9089e-90	1.58661e-90	1.16716e-90	1.00433e-90	7.81854e-91	5.51621e-91	4.15558e-91	2.37074e-91	5.88536e-92	
4.76423e-91	1.34594e-90	2.40019e-90	3.21417e-90	3.89961e-90	4.46999e-90	4.99669e-90	4.89164e-90	4.63832e-90	4.55915e-90	4.16239e-90	3.63441e-90	3.30709e-90	3.01362e-90	2.75228e-90	2.41432e-90	1.97186e-90	1.6916e-90	1.35221e-90	9.48258e-91	8.58383e-91	6.63931e-91	3.21335e-91	3.23158e-91	5.80693e-92	
6.34612e-91	1.17384e-90	2.32568e-90	3.17018e-90	3.97538e-90	4.3639e-90	4.89164e-90	5.17021e-90	4.81793e-90	4.54482e-90	4.29846e-90	3.7424e-90	3.37422e-90	3.16821e-90	2.75371e-90	2.43327e-90	2.16088e-90	1.66288e-90	1.31882e-90	1.1209e-90	7.9725e-91	6.20323e-91	4.6201e-91	2.17823e-91	6.55112e-92	
3.10527e-91	1.26369e-90	2.22441e-90	3.20273e-90	3.69262e-90	4.59768e-90	4.63832e-90	4.81793e-90	5.15644e-90	4.59796e-90	4.08104e-90	3.88045e-90	3.41073e-90	3.06961e-90	2.84922e-90	2.45819e-90	2.10718e-90	1.71639e-90	1.31576e-90	1.09507e-90	8.3315e-91	6.03068e-91	4.28775e-91	2.48906e-91	6.0251e-92	
3.27785e-91	1.09711e-90	2.18015e-90	2.80991e-90	3.65978e-90	4.16142e-90	4.55915e-90	4.54482e-90	4.59796e-90	4.68395e-90	4.09143e-90	3.4865e-90	3.30188e-90	2.97974e-90	2.67747e-90	2.41984e-90	1.94456e-90	1.61456e-90	1.32018e-90	9.21832e-91	8.24048e-91	6.13371e-91	2.78773e-91	3.27827e-91	4.87654e-92	
3.17952e-91	1.04805e-90	1.95557e-90	2.64341e-90	3.31846e-90	3.77552e-90	4.16239e-90	4.29846e-90	4.08104e-90	4.09143e-90	4.02311e-90	3.31443e-90	2.86097e-90	2.88592e-90	2.52056e-90	2.09156e-90	1.93185e-90	1.51194e-90	1.11982e-90	1.00322e-90	7.13787e-91	4.94299e-91	4.15557e-91	1.80685e-91	5.30985e-92	
2.74207e-91	9.95715e-91	1.65245e-90	2.50607e-90	2.78817e-90	3.48764e-90	3.63441e-90	3.7424e-90	3.88045e-90	3.4865e-90	3.31443e-90	3.27431e-90	2.76657e-90	2.3996e-90	2.29621e-90	2.00298e-90	1.67232e-90	1.39928e-90	1.11066e-90	8.72314e-91	6.49032e-91	5.07168e-91	3.42526e-91	1.72667e-91	4.78579e-92	
3.0305e-91	8.97513e-91	1.61335e-90	2.09142e-90	2.68886e-90	2.98681e-90	3.30709e-90	3.37422e-90	3.41073e-90	3.30188e-90	2.86097e-90	2.76657e-90	2.74695e-90	2.22456e-90	1.94379e-90	1.90057e-90	1.50525e-90	1.23081e-90	1.07403e-90	7.23621e-91	6.14098e-91	4.99652e-91	2.15187e-91	2.30457e-91	3.70228e-92	
2.08668e-91	1.05569e-90	1.58549e-90	2.05196e-90	2.48627e-90	2.81573e-90	3.01362e-90	3.16821e-90	3.06961e-90	2.97974e-90	2.88592e-90	2.3996e-90	2.22456e-90	2.38228e-90	1.92618e-90	1.48784e-90	1.53018e-90	1.20149e-90	8.11157e-91	8.17383e-91	5.72e-91	3.34684e-91	3.45898e-91	1.29003e-91	3.86911e-92	
3.15581e-91	9.4422e-91	1.36122e-90	1.98397e-90	2.11393e-90	2.61782e-90	2.75228e-90	2.75371e-90	2.84922e-90	2.67747e-90	2.52056e-90	2.29621e-90	1.94379e-90	1.92618e-90	1.89918e-90	1.49035e-90	1.19229e-90	1.08187e-90	8.5134e-91	6.36846e-91	5.05925e-91	3.74082e-91	2.36939e-91	1.49743e-91	3.3987e-92	
2.77698e-91	6.61338e-91	1.17948e-90	1.53495e-90	1.97012e-90	2.15822e-90	2.41432e-90	2.43327e-90	2.45819e-90	2.41984e-90	2.09156e-90	2.00298e-90	1.90057e-90	1.48784e-90	1.49035e-90	1.5371e-90	1.04547e-90	8.23326e-91	8.31142e-91	5.20571e-91	4.1285e-91	3.86814e-91	1.52857e-91	1.58367e-91	2.89214e-92	
5.35847e-92	6.81147e-91	1.04241e-90	1.35079e-90	1.68351e-90	1.9089e-90	1.97186e-90	2.16088e-90	2.10718e-90	1.94456e-90	1.93185e-90	1.67232e-90	1.50525e-90	1.53018e-90	1.19229e-90	1.04547e-90	1.18984e-90	8.01608e-91	4.76973e-91	6.12564e-91	3.95248e-91	2.0238e-91	2.77089e-91	6.59896e-92	2.86773e-92	
1.61901e-91	6.23416e-91	8.40416e-91	1.25687e-90	1.2741e-90	1.58661e-90	1.6916e-90	1.66288e-90	1.71639e-90	1.61456e-90	1.51194e-90	1.39928e-90	1.23081e-90	1.20149e-90	1.08187e-90	8.23326e-91	8.01608e-91	7.99397e-91	5.16991e-91	3.47478e-91	3.64551e-91	2.50241e-91	1.19673e-91	1.22296e-91	2.0207e-92	
2.31437e-91	4.24944e-91	6.93972e-91	8.98127e-91	1.09398e-90	1.16716e-90	1.35221e-90	1.31882e-90	1.31576e-90	1.32018e-90	1.11982e-90	1.11066e-90	1.07403e-90	8.11157e-91	8.5134e-91	8.31142e-91	4.76973e-91	5.16991e-91	6.13858e-91	2.6532e-91	1.888e-91	2.75996e-91	9.11023e-92	7.42813e-92	1.9743e-92	
-3.76335e-92	4.58739e-91	5.72053e-91	7.25685e-91	8.89582e-91	1.00433e-90	9.48258e-91	1.1209e-90	1.09507e-90	9.21832e-91	1.00322e-90	8.72314e-91	7.23621e-91	8.17383e-91	6.36846e-91	5.20571e-91	6.12564e-91	3.47478e-91	2.6532e-91	4.60094e-91	1.70147e-91	5.8605e-92	2.33258e-91	-1.30898e-92	1.94503e-92	
8.02732e-92	3.14425e-91	4.22299e-91	6.37801e-91	6.41564e-91	7.81854e-91	8.58383e-91	7.9725e-91	8.3315e-91	8.24048e-91	7.13787e-91	6.49032e-91	6.14098e-91	5.72e-91	5.05925e-91	4.1285e-91	3.95248e-91	3.64551e-91	1.888e-91	1.70147e-91	2.84611e-91	1.15051e-91	-1.19907e-92	1.3162e-91	7.46591e-93	
1.16483e-91	1.29255e-91	3.16566e-91	4.23173e-91	5.14841e-91	5.51621e-91	6.63931e-91	6.20323e-91	6.03068e-91	6.13371e-91	4.94299e-91	5.07168e-91	4.99652e-91	3.34684e-91	3.74082e-91	3.86814e-91	2.0238e-91	2.50241e-91	2.75996e-91	5.8605e-92	1.15051e-91	2.0946e-91	2.62927e-92	2.09668e-92	1.55829e-92	
-1.89158e-91	2.14449e-91	2.17725e-91	2.78825e-91	3.53666e-91	4.15558e-91	3.21335e-91	4.6201e-91	4.28775e-91	2.78773e-91	4.15557e-91	3.42526e-91	2.15187e-91	3.45898e-91	2.36939e-91	1.52857e-91	2.77089e-91	1.19673e-91	9.11023e-92	2.33258e-91	-1.19907e-92	2.62927e-92	2.21338e-91	-8.8829e-92	1.32347e-92	
1.6123e-91	4.99226e-92	1.33888e-91	2.07045e-91	2.08157e-91	2.37074e-91	3.23158e-91	2.17823e-91	2.48906e-91	3.27827e-91	1.80685e-91	1.72667e-91	2.30457e-91	1.29003e-91	1.49743e-91	1.58367e-91	6.59896e-92	1.22296e-91	7.42813e-92	-1.30898e-92	1.3162e-91	2.09668e-92	-8.8829e-92	1.64154e-91	-7.38966e-93	
-1.28574e-92	2.02418e-92	3.2697e-92	4.2657e-92	5.21909e-92	5.88536e-92	5.80693e-92	6.55112e-92	6.0251e-92	4.87654e-92	5.30985e-92	4.78579e-92	3.70228e-92	3.86911e-92	3.3987e-92	2.89214e-92	2.86773e-92	2.0207e-92	1.9743e-92	1.94503e-92	7.46591e-93	1.55829e-92	1.32347e-92	-7.38966e-93	4.52405e-93	

